,E979_229,E691_869,E687_384,E227_521,E859_740,E741_46,E407_353,E638_412,E145_159,E630_204,E811_725,E35_347,E722_149,E596_486,E566_994,E157_254,E341_843,E866_843,E633_50,E742_856,E318_456,E349_321,E57_515,E543_764,E141_504,E533_503,E163_510,E326_813,E888_2,E707_156,E9_101,E172_141,E48_233,E312_729,E62_418,E223_622,E401_339,E606_69,E216_522,E977_192,E385_435,E230_10,E403_771,E717_267,E266_341,E609_605,E86_882,E994_107,E652_776,E389_261,E557_631,E873_222,E51_606,E279_157,E988_295,E746_870,E521_525,E462_779,E532_430,E545_452,E213_504,E306_417,E807_817,E258_791,E929_127,E548_105,E110_899,E552_898,E75_291,E101_972,E112_229,E904_859,E445_946,E879_216,E250_469,E569_176,E628_167,E795_590,E946_892,E515_114,E10_84,E265_728,E458_825,E192_750,E144_762,E793_109,E512_640,E611_325,E365_11,E399_990,E481_552,E526_625,E529_662,E117_318,E555_1,E287_821,E353_703,E293_715,E351_99,E185_754,E408_206,E974_225,E296_423,E161_160,E819_861,E972_237,E836_826,E386_237,E451_573,E956_238,E159_60,E695_984,E747_264,E67_126,E381_921,E625_517,E169_720,E928_794,E584_889,E52_532,E681_721,E902_484,E38_973,E931_412,E13_292,E207_956,E562_559,E737_830,E828_821,E816_13,E797_131,E114_957,E748_410,E685_1,E14_619,E626_510,E32_736,E168_198,E784_283,E786_446,E940_82,E503_553,E498_721,E589_579,E909_93,E81_463,E191_405,E829_815,E188_139,E661_271,E147_849,E356_308,E848_449,E761_245,E671_777,E153_383,E47_407,E466_95,E513_552,E733_791,E314_641,E574_961,E3_92,E744_207,E254_768,E431_188,E91_564,E845_837,E315_692,E906_795,E276_424,E789_903,E40_580,E964_371,E209_906,E200_819,E485_481,E93_54,E743_330,E551_686,E177_126,E590_931,E115_113,E355_115,E441_549,E731_727,E257_903,E313_618,E881_693,E538_226,E430_652,E952_756,E701_319,E90_26,E203_81,E612_715,E459_468,E55_625,E847_277,E422_149,E602_128,E554_470,E271_673,E111_904,E549_262,E700_15,E657_342,E778_340,E930_519,E996_901,E739_263,E832_657,E303_963,E418_758,E855_764,E442_982,E546_919,E27_188,E694_283,E98_373,E672_309,E824_583,E840_486,E504_879,E311_808,E509_408,E85_599,E290_159,E304_465,E712_955,E197_459,E370_269,E608_481,E593_751,E766_458,E970_607,E658_107,E96_718,E618_57,E267_774,E387_974,E564_220,E465_148,E800_841,E100_369,E54_154,E511_615,E164_3,E208_80,E704_227,E967_755,E537_631,E18_519,E900_359,E732_985,E871_153,E395_172,E875_456,E775_426,E11_986,E342_882,E915_761,E338_421,E975_647,E594_855,E182_111,E601_408,E414_649,E443_28,E199_589,E87_411,E885_850,E427_611,E910_591,E907_693,E598_339,E301_735,E289_200,E933_478,E780_612,E520_316,E802_274,E962_583,E391_801,E95_176,E436_764,E204_801,E710_119,E714_247,E175_553,E709_985,E139_955,E402_888,E920_802,E924_334,E237_528,E530_43,E412_96,E286_640,E514_393,E180_669,E302_232,E148_605,E322_901,E16_940,E860_553,E28_820,E585_297,E697_117,E328_426,E699_554,E415_355,E999_260,E491_362,E716_945,E998_676,E416_927,E242_153,E738_121,E270_675,E334_606,E440_701,E282_350,E622_486,E29_897,E21_945,E976_16,E939_773,E810_850,E762_14,E803_194,E97_142,E5_766,E849_251,E898_986,E730_291,E99_791,E572_803,E251_211,E556_264,E812_408,E478_263,E486_332,E369_476,E815_931,E316_804,E26_838,E187_133,E92_382,E134_123,E597_389,E698_627,E749_287,E94_64,E944_419,E170_140,E941_775,E899_254,E104_188,E410_730,E256_749,E283_602,E238_627,E568_987,E374_95,E882_668,E366_715,E796_307,E874_316,E822_206,E377_592,E991_680,E138_883,E236_795,E60_738,E320_404,E284_599,E42_403,E102_173,E663_759,E969_564,E34_166,E591_59,E688_739,E329_562,E373_210,E891_811,E680_677,E876_399,E475_896,E851_291,E56_960,E64_869,E724_841,E396_267,E501_801,E470_776,E220_141,E49_346,E142_114,E253_748,E432_234,E595_398,E285_812,E340_871,E151_273,E136_414,E20_776,E247_463,E637_883,E464_903,E715_210,E656_674,E294_682,E667_396,E865_902,E839_159,E372_542,E579_300,E178_224,E382_234,E577_440,E820_947,E683_759,E706_306,E844_338,E856_377,E953_536,E773_939,E272_599,E818_448,E361_26,E919_486,E39_870,E202_92,E684_512,E990_781,E777_27,E553_580,E494_87,E693_93,E713_573,E37_989,E461_37,E726_956,E108_69,E160_257,E702_823,E343_973,E785_736,E420_788,E955_132,E841_616,E198_376,E393_979,E804_119,E942_404,E958_524,E838_379,E65_755,E273_691,E129_125,E346_58,E363_767,E484_849,E887_597,E368_473,E917_197,E259_728,E319_247,E966_381,E734_76,E736_512,E711_812,E156_375,E850_836,E788_492,E413_297,E961_230,E559_542,E107_657,E794_909,E383_291,E78_931,E106_425,E152_167,E827_154,E269_574,E417_207,E846_926,E758_52,E943_253,E80_87,E214_923,E444_34,E765_294,E150_489,E388_987,E205_230,E248_144,E305_370,E68_562,E617_985,E181_72,E983_713,E760_927,E45_174,E792_980,E226_294,E4_481,E41_48,E2_852,E149_607,E825_341,E624_536,E243_98,E330_626,E241_884,E375_445,E957_984,E914_853,E263_499,E166_978,E583_143,E36_503,E135_84,E517_945,E460_323,E158_990,E632_721,E605_781,E862_196,E813_176,E500_24,E634_366,E759_282,E140_590,E539_76,E523_58,E954_846,E116_874,E364_790,E358_585,E756_547,E689_615,E79_155,E774_480,E947_395,E629_577,E133_301,E852_856,E534_600,E507_54,E206_757,E540_100,E895_944,E880_134,E750_953,E19_897,E84_466,E89_144,E66_202,E69_455,E137_717,E916_594,E217_664,E769_283,E603_907,E649_256,E565_304,E233_840,E448_441,E505_423,E903_312,E454_402,E339_623,E120_306,E959_812,E321_716,E599_823,E963_704,E384_795,E252_970,E53_952,E127_387,E480_431,E232_760,E438_248,E295_952,E567_265,E307_612,E725_245,E406_348,E719_642,E331_722,E723_332,E616_362,E1_840,E752_856,E837_219,E469_1,E831_54,E528_528,E821_156,E869_211,E72_767,E908_490,E570_385,E352_145,E886_985,E676_371,E728_734,E76_966,E483_230,E945_763,E131_532,E935_225,E753_239,E614_745,E631_389,E772_34,E219_234,E561_809,E467_163,E823_379,E452_112,E487_402,E755_666,E405_437,E951_941,E109_742,E729_203,E735_129,E221_99,E123_520,E255_149,E472_778,E642_648,E627_279,E937_495,E337_881,E379_108,E905_423,E362_830,E43_203,E281_257,E673_381,E424_628,E274_779,E317_411,E518_890,E30_847,E654_870,E653_577,E542_14,E592_703,E347_2,E435_540,E82_301,E280_33,E268_683,E488_767,E212_238,E892_971,E421_915,E201_847,E868_454,E506_749,E357_790,E640_247,E234_16,E911_624,E449_717,E986_313,E70_226,E835_292,E323_583,E995_241,E985_594,E378_352,E184_168,E249_874,E354_130,E779_45,E88_15,E128_22,E344_937,E58_892,E44_837,E376_464,E173_364,E571_273,E224_566,E639_747,E425_525,E434_598,E992_877,E833_972,E113_833,E522_38,E496_934,E336_116,E195_121,E492_424,E240_354,E858_907,E74_514,E165_40,E808_633,E183_950,E586_202,E398_453,E582_981,E429_776,E670_258,E934_930,E541_169,E196_160,E477_594,E428_274,E696_856,E686_506,E560_604,E718_115,E635_254,E648_624,E870_84,E861_331,E981_1,E277_569,E636_725,E889_933,E581_502,E912_86,E194_349,E31_114,E923_767,E118_119,E576_806,E965_41,E973_400,E814_700,E190_397,E776_142,E799_441,E245_953,E527_688,E771_783,E668_83,E646_352,E682_313,E476_638,E655_195,E867_895,E703_716,E660_56,E105_92,E843_392,E801_72,E620_176,E455_274,E261_216,E103_496,E619_234,E782_517,E6_918,E126_746,E767_263,E971_799,E235_18,E932_116,E607_906,E662_324,E675_386,E17_727,E456_824,E162_627,E519_530,E489_895,E770_844,E499_945,E830_983,E913_100,E679_689,E721_131,E404_450,E950_24,E878_811,E690_89,E59_631,E479_801,E400_914,E471_269,E883_852,E446_150,E186_910,E604_752,E61_219,E864_815,E678_421,E922_45,E433_747,E146_656,E397_232,E890_845,E130_739,E246_23,E854_678,E817_496,E987_16,E453_998,E544_583,E210_183,E324_246,E359_472,E394_856,E727_216,E426_541,E575_993,E787_323,E615_457,E218_649,E244_8,E450_42,E925_26,E409_910,E291_336,E345_202,E229_538,E176_652,E63_760,E437_553,E745_303,E335_665,E167_790,E692_354,E809_953,E757_938,E193_563,E447_344,E508_632,E308_578,E647_552,E993_204,E651_164,E573_929,E580_639,E490_300,E278_56,E360_422,E350_790,E918_945,E621_875,E949_763,E857_622,E897_644,E535_120,E665_870,E0_694,E644_816,E669_605,E231_309,E71_633,E938_297,E15_529,E645_167,E299_315,E790_384,E578_568,E980_286,E24_299,E367_958,E853_160,E921_738,E877_277,E677_179,E23_780,E73_539,E325_223,E457_432,E666_680,E275_370,E740_544,E525_107,E390_488,E439_329,E333_732,E926_345,E705_929,E834_843,E536_42,E805_969,E225_613,E215_777,E292_672,E516_241,E25_778,E708_739,E806_877,E587_185,E960_578,E550_619,E119_702,E754_156,E309_788,E502_949,E327_94,E884_993,E600_841,E927_232,E222_683,E982_116,E588_466,E610_661,E7_252,E228_296,E989_135,E297_490,E211_809,E125_670,E613_991,E643_622,E473_304,E264_865,E22_46,E474_358,E791_566,E826_733,E764_536,E901_487,E768_662,E948_562,E298_358,E751_442,E174_341,E262_254,E132_126,E936_274,E896_689,E720_239,E531_403,E83_913,E558_843,E664_363,E8_272,E171_704,E968_472,E179_878,E371_434,E239_65,E563_331,E641_751,E124_644,E288_598,E783_217,E392_482,E189_707,E50_1,E842_224,E122_94,E332_55,E984_10,E411_646,E260_983,E423_15,E524_235,E863_808,E659_994,E497_424,E763_718,E997_135,E893_725,E154_320,E650_676,E380_729,E798_908,E419_129,E46_495,E547_465,E155_2,E300_225,E781_24,E482_188,E978_908,E33_998,E121_887,E674_322,E495_408,E463_969,E872_585,E894_122,E143_567,E348_246,E493_635,E310_295,E623_526,E12_932,E510_711,E468_715,E77_108
g1,1.8759696556050207,1.5877464034839903,2.399000973235045,2.3777197664828007,1.6824921717863297,1.625396810652568,2.240066494992822,1.8968211106999493,1.7868509822758074,2.851428567361306,2.0303501390150744,2.412414302927323,2.4589695861385854,1.4602304910624986,2.2000197330111835,1.9571270105793572,1.962046785703478,1.6559117331284237,1.9665212362015636,1.866765310766272,1.5260813342764388,2.5112845107580206,2.4085104834515336,1.8427459310866967,2.624990398017109,1.7235666188011975,1.9667516851091744,1.6506531644273832,1.1365783763569886,1.6239231309923583,1.9881899962151224,2.866514575623222,2.239540389215865,2.1076882182438643,1.5189693178387114,2.256086390004168,2.6577180032154533,1.8847861490544056,1.8761800527032588,1.8483651960332848,1.6845119270458715,1.663530815785798,1.9523794954885012,1.6568682020178904,1.7973498132888406,2.358620641205487,2.214166469546443,2.133439396830671,1.4946414749861732,1.8782074360601533,1.9158880629046957,1.799580705468011,2.0252869418939845,2.028541391471461,2.229035428652148,1.8259446866018845,2.12876871024391,2.1498904417747053,2.2948715546324583,2.269012079554096,2.235780293603015,1.770420491813926,2.3803703600444037,2.1060643133441634,1.9056041820927585,1.88711287635063,2.1948599646982343,1.794170903580172,1.8387774962898389,2.1490785229188303,1.5970379687584206,2.1315027030377265,2.143553762472476,2.335561827095578,1.8191680941264547,2.3800479315422463,1.6679660806239232,1.9398339181334885,2.22265955810144,2.027161176237937,2.521082291949209,1.4926526581574775,1.4958219254400211,2.112873562293893,1.788508229814754,1.9443980569432011,2.0868837624628247,1.9681682079831095,1.6474894392033923,1.642213857164512,2.105353951194957,1.9472476021020808,2.0239849031401578,1.698603869229115,1.206970083696128,1.6867184104529367,1.4554497261003936,1.338922830910353,2.0489931185247627,2.422726927804761,2.3912523894101194,1.956626298031023,1.6246538487160966,1.7273396737565136,1.7821231713239838,2.010416096269776,1.7615029627716254,2.4089517323452574,1.4706962710747489,2.4078296970563,2.2220291717646408,1.6321456547883262,1.515219584589501,1.8496580988887448,2.14676565452309,2.0237986288612007,2.18688230531726,1.6823257021269715,1.926908555629183,1.715022788840633,1.5960430599933095,2.192494885458484,1.412367049135908,2.355028388067569,1.6723196546456842,2.047041881857209,1.7953287558612334,2.5689164491209038,2.4307958419051428,1.5664692218906675,2.0744239792912635,1.2754293240422878,2.7961220269362537,1.2378528841484255,2.093759725072446,1.6992206231954663,1.9924400483453943,1.9976982468141629,1.8661960753613784,2.0343069698710763,1.3935470817017723,1.975474988899856,1.4915034620715864,2.142367030328743,2.389249098832573,2.232335784919816,1.5654537433767748,2.425032847752462,1.9044724531195047,1.9453030925270056,1.624978020971877,1.7451079417784403,2.614502371297161,1.738555570348655,2.403393099099937,2.139694073251924,2.0134486477232527,1.4600889462607554,1.8539442728136224,1.7230355883256046,2.989862644427534,1.5619829253390611,1.8658447108112357,2.1423340274250604,2.0686692321453184,2.357692193198284,2.164383902516966,1.8582934183063375,1.6681940463510885,1.986968065091344,1.5287202810607077,1.608258485512887,2.4544592456797383,1.9381930101926488,1.4861784898636872,1.900130789483985,2.1729632869007167,1.5118103037095392,2.273239668667717,1.994524729231368,2.3860714625132307,1.4857006809374091,1.8094875053784996,1.8326442092469464,2.4552843482997733,1.6781625530902964,2.6875829739993176,1.846923419793483,1.7368953707326495,2.513423548857192,2.1565289590748544,2.125990890695216,2.4260839438877317,1.435570993140953,1.6702835567088594,1.9078749597398756,1.6723272882193108,1.649035505610252,1.727880346162831,2.6810407428454344,2.385176527683953,2.4912571244870487,1.976305169354274,2.0826547801184963,2.161668950986118,2.098142236523542,1.7746969986989325,2.438170106189585,2.356198496862001,1.7190244267065202,1.770473986704399,1.7577557100936343,1.610795579730107,2.18026534721848,2.0981057998882684,1.5946945036135587,2.1298210666070747,2.190908313922838,1.7563196214380128,1.894454766980911,2.0056891044976823,2.216019833479617,1.681524949962669,1.961115415448702,2.669774675090323,1.7269109216615213,2.5634704776755317,2.1049818668860354,1.90011988085648,1.8404622644498847,2.26426037438174,1.8852885046573808,2.0437796303768723,2.305798466653255,2.1164876587581163,2.0714564690714474,1.960185245262463,1.3359091176359636,1.9024939483702925,2.109078900972129,1.9885942299312491,1.5769083980045546,1.773201984086045,1.823538612492376,1.615274078082788,2.235171856054883,1.6973149090756547,1.3352524163045192,1.545949700904453,2.1822277943202373,2.117378615686277,1.5166946045231355,2.073548578525117,2.1317064718181173,1.8381470808624407,2.304255328629789,2.515517438018462,1.817202060286293,1.6436800948151988,1.97415136361169,1.7001294232141877,1.7116503709239703,1.8924876250710287,1.770494764575285,1.8231923107663144,2.1284419273840105,1.9909032068907813,2.0576331453302985,1.9851394231983372,1.633760700707869,2.2448769650276463,2.2587322084529355,2.063082205665712,1.8353608587881756,2.160020881191016,1.7656550009238914,1.632911603587061,2.401065237330807,2.070621325265342,1.7420790336178114,2.293462884841998,2.234348855972982,2.047268645105518,1.46734085343712,1.5786269168126117,1.6995791074907485,1.629386439317399,1.852590715134159,1.909902715982868,1.3954302883057297,2.0900924747146448,2.106127010176426,2.0455251634592244,2.037327470640314,2.121714691053051,1.7220642425276924,2.040594050025602,2.3397005776190283,2.1749078352179527,1.3720700414277816,1.9867051052536564,2.225866876218611,2.0336298591244057,1.8505671942547628,2.387108757351815,1.621423826896532,1.9155935280198797,2.2180959018247965,1.7229017622436769,2.0370110238802623,2.0984643486132413,1.6045492156730423,1.6469698334039018,1.8763528733559671,2.1810900680668937,2.2090799376746304,2.555126565989642,2.278617483037831,2.4761290721002243,2.180566702247855,1.6625315646391112,2.0672459144291366,2.287052616995453,1.592661571509518,2.181118715634549,1.437671232469066,2.4059259085731948,2.2804585381529425,1.5672321944262435,2.4800086770226177,2.4252978169123613,1.6625645072880733,2.0600312729069983,2.086136326012734,1.6523655728867692,2.451937569449897,2.4602323222289124,1.537818561735415,2.315505399932924,1.977794510849072,1.9414048564682935,1.3691600960592345,1.7097794794796086,1.4487271234822194,2.5831228990710926,2.0650740792527493,2.187524334602709,1.6383020083670576,2.0618309581798617,2.3087931920160334,1.86981869797419,2.348069721576929,1.6817716354888557,2.112398225195933,1.68772059354399,1.5818846824160968,1.6733216454427846,2.108289907705499,2.357514692011365,1.4574450601384854,2.007802811624473,2.304568293675226,1.873458563329688,2.3021262938731137,2.31170435982589,1.6667723093983442,1.7731086876633395,2.022707764894617,2.489722063905544,2.2571103565457764,2.228652631721899,2.371868037529257,1.5185029113446165,2.0195936467189592,2.432967485527276,2.0777302234162898,2.0992518579719603,1.8423680072266115,1.7403904929823515,2.412737370077975,1.508916532377777,2.15838976690886,2.172258292857685,2.233895199176075,1.6928905736867093,1.9121925954921368,2.043298903782055,2.228842348767885,2.1697075735848763,1.9502793019577556,1.7146291331518315,1.8808262855620863,1.7540771945549152,2.097864918992573,1.830414378369993,2.003075020486741,2.387332225515383,2.034283117042681,1.967094559585463,1.8958964864907408,2.010831216238893,2.4699469684537023,2.025095401913353,1.8640099848663616,2.1156553477457254,1.8882329232161368,1.9336851350790023,1.7756482448283473,1.5688792575640222,1.312256150832397,2.088044682246178,2.3180238588423125,1.7590345885630423,2.136445019883668,2.0455666650721964,1.5795451335794284,2.781132946380956,1.3665617514650643,2.1109135968685115,2.281163212909574,1.8869682349496024,2.090335623217234,1.7793188008622889,1.857898901180162,1.806281961071981,1.60664611637426,2.039120523850673,2.465416447168792,2.0034361634633577,1.9149552988762213,2.3065432203611587,2.140274901498001,1.799553781905469,1.6788677488206845,1.7862110666102642,1.7605366171192534,1.7764812708381457,1.923218148599144,2.0846359288172542,2.287449081093354,2.5570273544148243,2.294398863887578,1.7579319860337157,1.9054092997305725,2.319465693447822,1.6404847044479172,2.496382376178238,1.7115269461993023,1.3554681399983473,1.8619035321365396,2.63095273961186,1.6326325758934752,2.8534833780227493,1.5400539268593167,1.995190353695234,1.8548846324971864,1.696739904506315,2.867661421222619,2.5915831573064234,1.921962257929448,1.835740628006984,1.4909013793640995,1.9471655135296613,1.9657253800193653,2.3011195815898287,1.784337742647283,2.0777320986775987,2.2412871423514407,2.1311592031960758,1.8042758314372864,1.850381185392778,1.5668412975935513,2.7452658737068,2.071194168493079,1.7202615200919664,2.0625710067422576,2.462895433790494,2.194245801284937,1.709918877040138,2.452059673259344,2.236043488222801,2.696178431659135,1.8132099851377383,1.638017897159039,1.7818652860992243,2.188648763159133,2.12216740007917,1.896743035824398,1.84543626022148,2.680825065404284,2.050034215656241,1.5143614001738228,2.533135762596234,2.1100696026470738,2.156726522665239,1.8368343178428208,2.336667507664367,2.3676196300806223,1.759379196306332,2.354896963287434,2.0783778026045296,2.2398811328309884,2.290585717818337,2.223391846287168,1.8695364518856576,2.472669702500624,1.9317238506258017,2.350959144705712,1.8759151118724404,1.749311988679335,1.9302442937642608,1.7989814960671016,1.660238977289324,1.4490141756046224,2.117834930500064,2.245375590907633,1.7888738496518242,2.228082352010883,2.2079788209083997,1.7973964818845622,2.033916387183077,2.124220496773336,1.905925693222732,2.06006891447097,2.062138844418248,1.8688573002285536,2.1213613170979104,1.8588382106725905,2.2512011804904777,2.2026950728252097,1.95836150606355,2.091781443031349,1.9762754336414607,1.6897061237062174,2.24036850950443,2.250622313183851,2.155653608685384,1.4797149705362282,2.0126556755106,1.9796063864049271,1.719679541148318,2.3818745490067257,2.5861211112908804,1.9575366143965716,2.447115923829224,1.9645120976265744,1.756743482970736,2.0863711860638543,1.4015871472280146,2.1150360814836167,2.0806489787686853,2.492532858643708,2.1862148437296702,2.4617956494966604,2.5355423892358315,2.3412561123746167,1.8429829774509163,2.110300040913882,2.32489751910855,2.094997418936937,2.5588002666152825,1.8380688190477292,1.8108685432345772,1.995841147546051,1.8173716747439903,2.26626768678734,1.8375142284800627,2.151883793824485,2.2900307267179327,1.9956671381916669,1.636840889370154,2.2419200054658743,2.659753741905889,1.7197395034944676,2.2312375976582044,2.131662117271171,2.013043460106598,2.132254185532726,1.7195352673059534,2.0656828698122944,1.8891392858788316,1.264423078486934,1.815939636236851,1.6721080787325977,1.7238896296665036,1.6936871514897434,2.004098810113526,1.7610432467260155,2.541564661518424,2.3487694693037287,2.478787621117435,2.3534575789226384,2.1451337721460546,1.7880908605328576,1.9098069846246304,2.035242269289938,2.2492612378986823,2.450148309014656,1.8651890624139995,2.150041525323761,1.1786852646463348,2.1433003527634904,1.635995168554342,1.855556403986376,2.233523793099558,1.5027537324726072,2.071230455594151,2.2425918492821983,2.5092285719350382,1.9739325726663464,1.8808288262002983,2.322048155031377,1.672484350505709,1.7442112022086893,2.2235181274814027,2.610175351432471,2.22222688053901,2.044413962769766,2.4747696095009637,1.9795397316229024,2.1381462211712576,2.154710048670801,2.2083234123472573,1.8390964988378944,1.9730859483118528,1.78638823204084,2.158174188645809,2.358479484793311,1.654784255418256,1.985642503661783,1.7055755143690332,1.716468123856255,2.2636144612403086,1.7469907101448214,2.602849701440887,2.374313779663421,1.9542775721141517,2.2625859475843333,1.877036216867373,1.6199235458500123,2.6985186262652148,1.9245772252232547,1.895469934525149,2.077440377331764,2.024100537632848,2.133363738837836,1.7959231265692608,1.4220389718878623,2.055063916336061,2.961886762216477,2.094601988729964,1.6339904542469217,2.624227403313286,1.6553358842891372,1.6131202410603078,1.4716867808069392,1.3593050987010822,1.8849961162023168,2.341558919864428,2.0615946364006748,1.30408606619419,2.1288722481755427,1.740442064308506,1.7267812985205448,2.2987538630494795,2.251864729890349,1.256725338767502,2.155417926797281,2.307885129197099,2.685102986960564,1.5778502991642789,2.2479892033943565,1.5168655562894433,2.438976606672005,2.143263373831477,2.229538516914148,1.8307694409968571,1.8771647841641577,1.8653011822882832,1.795204946873653,2.110982343082283,1.713259669421343,2.1275840886489754,1.912243622880437,1.881947803093368,2.4018018002138293,1.7566097419646591,2.100732971560277,2.1592676858192603,1.8417152970632664,2.969109966223184,2.3706204662299823,2.373527960775077,2.204355710737232,1.521722596973178,1.9575939382307117,1.7795824068775072,2.278730709435289,2.238599981037856,2.0502233481256846,2.233569925833277,1.757865785734856,1.6767008068143805,2.0909037746130528,2.038846943935927,1.4294663603704547,2.2740073043850417,2.419525499267176,2.057919725592346,1.9679201768681265,1.4448642961338218,1.7042596259333658,2.472968705946807,2.104939860814917,2.1969426444043925,2.317591310704608,2.162718791044954,2.26241565505269,1.805480145654773,2.044923007099242,1.8500875578534208,1.7697323946247354,2.014699841674207,2.366154207601182,2.17445787728795,1.7351217533788064,2.6815176330404675,2.121894826170785,1.068387894749234,1.679693566040718,2.1593382994274197,2.250897421224527,1.9620560652000911,2.2689202134313637,1.4891224957740776,2.334518406027102,2.1394429317556014,1.9337783850485109,2.494713574058593,1.935309499995312,1.619804610945983,2.2805613382902736,1.8521423179090115,2.3081618404051003,1.743386063269549,1.9957727698508112,2.8468966751117906,2.2039287494518778,2.012743847660332,1.9563241792674493,1.3966649564872369,1.827502744816688,2.032836214355322,2.2014750227902917,2.278743796284289,2.0378456119252903,2.654968508470524,1.9160970896363612,2.081688017302322,2.552842254056712,1.7813641873635515,1.7929539781863095,1.6003736470041745,2.366858654260625,1.894757920575488,1.7882006252424905,2.277373358216575,2.401859226257637,1.3379403359056825,1.8864199988813588,1.802727135571369,1.5067263446216703,1.6859565215138914,2.520969466487314,2.196390361233113,1.947043395150092,2.1530296605936066,1.984942321602102,2.460986678299008,2.00783199678959,1.9544320045039068,1.8644888520528549,2.7627316852263597,2.247225890787905,2.227629338716152,2.0550465650071748,1.849334607828489,1.9192874662695285,1.7356852447758089,1.7631807951922087,1.996956906818344,1.733758013597423,2.418832850243644,2.055704669580694,2.2840136146374257,1.7426374941835856,1.9540000047627064,1.9461272947334776,2.599750120821631,1.9068841514611672,2.188201538545848,2.8370085595170127,2.6675037214579054,1.4033125201354282,1.318637584972015,1.4300735238146394,1.6685854114879053,1.84711253156182,1.9647609228100036,1.6901917881016086,2.40678248498059,2.1013986057553016,1.788131601669466,1.7599808782438702,1.3000569576814065,1.8176386569626637,1.9675138434645252,1.9418610401558647,1.377493724817673,1.5190683714471442,2.316800659774576,2.368800185847072,1.556941654507852,2.8195978473500736,2.0207309015701047,1.5533097195359702,1.5794959972425675,1.9424186412542528,1.8512468927636925,2.140964805161146,1.9225169192383849,2.005996085588318,1.8580322650350296,1.758481886237158,2.1479323175559366,1.9124745300667585,2.2118164295244656,1.8889925418246851,2.144640958390129,2.18531046003113,1.887981893140063,2.005493081148844,1.681051548176815,1.7970539242250076,1.6848937431499813,2.0249779650111157,2.7354223661080384,1.7653380354484696,2.50151700913992,1.9349175469385185,2.197982523685176,1.9810802839071295,2.1671811297157526,2.4152200438713147,2.143478322091372,2.303418484279776,2.0576898484843453,2.3841209015486267,1.7197771486772155,1.7907003081791777,2.0523726999932004,2.0401369410331736,2.1025615433133407,1.9839984130415405,2.0822857453185524,2.2104432610825184,1.7667012891198308,1.551311344409016,2.144925772552193,2.2355110606450443,1.6651100502872158,1.4465522281788938,2.008617784949619,2.1648378326582525,1.7966231312893906,1.853226394899973,2.667750459515327,1.759340143446121,1.7741254728329665,2.717791546427068,2.1709593713088378,1.9154299819099847,1.998835162921322,2.1000008562439496,2.250547275044791,1.80649801961201,2.44393405734014,2.67262186384526,2.300526318213473,2.0977877213291687,2.1055732311907,1.4402224384253866,1.5717305091608784,1.5205376650634577,2.35523446574865,1.743615416968865,2.865073812498001,2.642086179160944,2.241507084413462,2.129720451964402,1.6286340174261795,2.144051336851415,1.8174471252696849,2.23497790280981,2.544595551063186,1.6752390228637015,1.1425977985937463,2.422436705515371,1.7915631811180175,2.161720293412316,1.8483706508560385,1.9343162356089751,1.9024109333597017,1.6152974864271412,2.172007960190441,2.602555979787942,1.5924790681480223,1.310638195772062,2.203263183030884,2.368628138343137,1.974930807557932,1.8824924689665672,1.9911282567100776,2.277174156667816,1.876768720166141,1.839543157939774,2.381387817256444,1.543214682404604,2.2087251195193405,1.6624840085885535,2.210225998328361,1.7310323800064795,2.0527970051802487,2.179005921173234,1.9595455915952824,1.6547201287765216,2.104931644044971,1.8707699262731463,1.804607819856336,1.6068223084775477,2.0110164970839053,2.3801556153313665,2.0092758658435077,2.361713980964639,1.4993248404175386,1.528002375927365,1.560549411006022,2.1981914907646374,2.1283589430508765,1.9518229377028211,1.6564078420644963,2.1300957890111265,1.8832381784997048,1.471682503900059,1.6657211344618923,1.8540597654815072,2.238921197573563,1.0776505272358772,2.041057516950451,2.012441394605784,1.9894359493929783,2.054770962463523,1.6968432414713992,2.040161636059516,2.015372082961421,2.198549978823812,1.7548575608830708,2.164295788270595,1.777258245066604,2.2691429448332494,1.523503446022595,2.059357858022311,2.049809849624641,2.257487323936365,2.3786487185734257,2.083828296157318,1.384757313311502,2.376113108211324,2.273696746785701,1.238767316773039,1.804139927962349,1.9696054987226956,1.371117550019824,2.043780468882332,2.4981237121604085,2.132921530800914,1.3991984829158253,1.9922040459419523,2.065865779810601,1.908881471962354,1.8524392056162704,1.7087674009085854,1.8792170751888797,1.4341406801200436,1.5285044424276204,1.9924939197752127,2.12596607270903,1.8922268161267288,2.069103154566223,1.7018013679488646
g2,2.1665377044558585,1.965051631059324,2.0184731015367388,1.9126429074209528,1.3942481949193668,1.487631923136723,1.7288080368064402,2.031146367919969,1.805318358133445,1.549993368565673,1.543606181493396,2.876763660504297,2.547142239139777,2.2482248878129543,2.3245244976863093,2.0217406653930503,1.923309533518469,1.6304991862053877,2.0196988100100763,2.376897854443095,1.8573237551828417,1.3100087491146704,1.994573708014794,1.1312031607163964,1.624015836014158,2.2622273804673267,1.958858578639328,1.8113806785108368,0.2597106928697167,2.494124864907945,1.7604223567845605,1.9797399758740135,2.2028121548447914,1.3652778363554017,1.3184794861019875,1.910620070108488,1.964920263684744,1.5212144690430298,1.9262769935665525,1.3652056752702677,1.6869059217694895,0.8405830740647746,1.75916319955959,2.1721689726779143,1.7618119192286783,2.009491378169604,1.848992191766056,2.139778995771955,2.1185336648666766,1.8653718761129388,1.8429747478056528,2.1006802262543016,2.632036431266568,2.3149194982709105,2.1023633315414347,1.7757082761587315,2.1365345744947843,1.5787049575124286,1.61025146537903,2.3256671502224893,2.173388804868768,1.8567309153428504,1.5315836665629043,1.4872241821532677,1.9032708612536613,2.330920212736848,1.7394050375946155,1.371755686484448,1.599400956121572,2.0853195541613534,2.118829077906768,2.2074667005045225,1.4710833093080753,1.9452179808443653,2.217426483573786,1.9865152678775968,2.004530475138841,1.890562663197627,2.250280737641836,2.660840132504613,1.789547383111018,2.1134046863455422,2.28794996085473,2.027847119793695,2.181571126424702,2.410533551701549,1.792879992939564,2.038377493613252,0.5740117592059034,2.3517949724336007,1.843742527974677,1.8363868228327689,1.6086367178942806,1.972730156010228,0.1028525822822678,1.769023725354236,2.2664659663131634,1.86436126356371,2.011512636697138,1.5741542191353102,1.0879867375134815,1.392296842066796,1.802653149076622,1.8826583212714625,3.074679328241372,1.8634593760384413,1.627965254168031,2.053639804481508,1.744172358214045,1.8596895589979363,1.9797312057445544,2.13188095980768,1.8906328705975488,2.5073732510537785,2.67770385220998,1.5086384463153346,2.2115735678773265,1.867271083107909,1.2824037387532363,2.301346952276316,2.046761978278531,2.924160740139185,2.5606985826559185,1.9827277670262653,2.0764400798116185,1.7621607540793398,1.8590069638188664,1.770795975391795,1.7882508383535385,0.4674288160098848,1.377660074321032,2.451487728853166,2.610992602743446,0.1108352222484691,2.3339563335763187,1.901040788751429,2.0746853151513207,2.0936586742832404,1.7302292212638848,1.957859184222689,1.335786472694534,2.022029260405615,2.186931649465629,1.261087976633948,2.122555213150822,1.5209717207329312,2.265365376422732,1.9220022103539744,1.771813720362673,1.714463151184488,1.8026500155882608,2.032678447573707,2.1011371046043545,1.7656902849859766,2.3428380704013008,1.7572074585280082,1.302063627832167,1.5859655650227549,1.930521912988123,1.8710686429980767,1.760620217636292,1.286481973409992,2.273857616945032,2.174014082118929,1.8125249169609077,2.9221500485751166,2.65650553993142,1.9120621751843905,2.0121986485362413,1.6519240858521516,2.255712862510669,2.30692421907568,2.316585766416072,2.071820546118948,1.85498122354629,1.5582128641148547,1.9767126534714896,2.3938519540519847,1.8264164460068733,1.7523541911118992,1.9752429556735265,1.5990760493164824,1.7804252897223989,1.8820406253962016,2.4559080078027424,1.7316916734409336,1.870705104267478,1.7560354216098113,1.622996521249657,1.8897315062845952,1.1021889212921474,1.8717222555743247,2.3581288566712404,0.4760635050233143,1.7064300498730445,2.320330920130641,1.935926324485534,1.491504453049254,2.083131013195362,1.5731198860631814,1.8472695151849416,2.6259856007338547,1.7918232377893095,1.8696559914695052,1.616136608873161,0.9903352561065158,1.7908947720416537,1.918053567544257,2.266800472742419,1.974909876122811,1.8466253869094904,2.1768142364592635,2.48368547434575,1.773722977263947,2.346238288734072,1.822699286105208,2.024410308122003,1.6154768050261932,1.635419541336477,1.5357869016385814,1.9339844206930648,1.3921348274799694,2.5033122883868195,1.950360529896434,1.96637791539724,1.4654523283132588,2.1555049615742443,1.8157235185460563,2.372955925693098,1.868693126407849,2.149292702738652,2.0857939004364723,1.741704002961074,1.9915468613226823,2.0878088168979736,1.5602123487137598,1.8609595747006653,2.2660630879472703,1.9459693492692816,2.226393510889467,1.5895117206008689,1.9341645287062732,2.242577659981229,2.6824867709208653,1.6476948690228763,1.5554015233899785,2.41359673960177,0.2488820288347644,2.143427234698255,2.722032701969557,2.366157117056267,2.031435666231836,2.108053951658253,1.7890798435450084,1.901010991402721,2.0672335685736334,2.006413527042917,2.074189792673765,1.719423143627446,2.097070852995112,2.3935646729582767,2.22168156256344,2.035119014912835,2.0381605586933995,2.012902087009455,1.864377031797566,1.8558677644457493,2.4533118629191524,0.8225457486056713,2.020785821829469,1.9950104343004544,2.4417570988777184,1.9706482402211571,2.1781213131269346,1.6027383753336473,1.9202832325842027,1.7350303354997234,2.146734855222408,2.0336852065072204,2.385593763933484,2.011607153374305,2.7186692585947374,1.3423219122392234,2.0544067789041787,1.836353103564928,1.9347383997492285,2.0125302609720137,1.926470270003122,2.5629812979753304,1.3799214298012443,1.794409390796816,1.9490062856014303,1.7406300214229016,1.89899708464483,1.9211915775939596,1.620519757072716,1.21260471096314,1.377172278896035,2.648022345372402,2.103813744180601,2.362437161335471,2.027972324910326,1.529995257937946,2.2148441449540157,2.089617248948307,1.786779681829484,1.951953897726701,2.11497441680822,2.290487213881785,2.971742381709699,1.79631579118836,2.756992167317552,1.5729068135323545,1.8085080196614185,1.5628710522881548,2.050253688559379,1.9004210018633072,1.883334942512954,2.124678131777176,1.8436972600067176,1.8094384350834087,1.633098576771993,2.117299914306598,2.0462370187323007,2.347490210679279,1.923757491651397,1.2490286194690885,1.774962418034424,2.066238652384455,0.9748441843894144,2.3219125968231507,1.9015286093463395,2.281535227348191,1.853311450312177,1.7606354884976068,1.8143765543079995,2.454585448876081,2.0125108757558823,1.8616008233545915,2.571335717148433,1.5772819018924416,1.6553179309649306,1.6087012523145106,1.7783856840648566,2.5624393919353103,2.2367067066653523,2.0919507988645,1.820839808714564,1.9996472155573703,1.7568327662471734,1.9743410444842355,1.3929467429705868,1.9590014884512623,1.5241155276888223,2.141626600792212,2.3411919506409427,2.0503304327984133,2.3974138443563064,2.07458174997851,1.4840176549189172,1.6626514830202117,1.7617595718360193,1.9184231346724507,2.0369457485513944,0.9188903186189292,2.363095348461181,1.4356209001226337,1.99613008110585,1.7612647959158694,2.938909158388236,2.5032383371139684,2.5578814728218893,1.4764995620015433,1.363941521304102,2.7299859061766094,2.248147241526981,1.3308098901753156,1.905241162020072,2.0348043294411378,1.763953679435211,2.1155255857114166,2.3119762716869805,1.9118876219162368,1.530069839258858,2.56280864541048,1.635333926563469,2.257721002395423,1.608858561123329,1.540879870428909,1.922340968368391,2.1201143293950397,1.887299958623734,1.739563617959989,1.3693155790644935,1.9474765391493696,1.8523544289774287,1.5240890448474966,1.7004521563392263,1.7595724941842976,2.117460616915185,1.9165395438734107,1.7890802108881465,2.1462787990399854,2.395897159030662,1.3020038522451136,2.033547795829757,2.4117345429063475,1.8988167948962351,1.8372372431716124,1.8608730675566292,2.082668038648947,1.494666611569431,1.948360204434384,1.5047497456056054,1.86118755585674,1.8870513682622367,1.7122552439551668,1.924473585835749,2.142501342476632,2.182842226740158,2.305222783633796,2.046021399200631,2.002237211562332,2.291193416543866,1.9873534320126245,2.036277458474669,2.488418575394048,2.02829298381928,2.5630504558317324,2.012233508827857,2.285496539794701,1.8214286647078448,1.8291485491860808,1.703524320041547,1.8806289258938929,1.7525039032254452,1.650346848657332,1.5409879043796664,1.8144100446349785,1.3155367900528383,1.845318649629332,2.243435794648699,2.008177032148044,1.7062528449558247,2.2772086243633627,1.7295046979718525,2.107589255570435,2.064602145953251,2.135413556275437,1.3357625704738905,1.7924106035126512,1.7209089122948544,2.0634218372678763,2.601258852528251,1.9197686712981383,2.5669287294106864,1.9637677741505923,2.213215060011625,1.87170038445036,1.706146138203584,2.216016248588638,2.2147325197023524,1.630106762229231,1.9172433877223165,1.9015813174493152,2.2022061736036007,1.6734143805995312,1.9814230834665627,2.3122166135200715,1.8789794158731583,1.875061378757568,2.042307494026001,1.5730519177420157,1.6260146237694266,2.01967110691022,1.317828124751696,1.9963543821372345,2.126309586933611,2.555911765081396,2.521432011145791,1.3628450172527358,2.2060751460054115,2.409845960225973,2.101707439819031,2.365915280717223,2.004318231131971,2.245786753884139,2.33947276506784,1.720133622968306,2.48839190540297,1.9336955009814445,2.055169803895496,2.002012678833116,2.0036058226632814,1.5361632255922564,1.400099227417229,2.149693250327465,1.342869777232342,2.666612592596408,1.9927966682769056,1.4289192673160198,1.621694113665498,2.1783905663689347,1.6755571705603516,2.233988919156004,2.172597774590556,2.285537581912585,2.131257877670323,2.1152049532624324,1.3100345546441623,1.793283878292688,1.7131820788894034,2.683944130454717,1.892097150254998,2.116309194891947,2.232387556399731,1.9262968581212725,2.519808157695995,1.5254248079450008,1.877101823313298,2.063879423943982,1.7459002528953764,1.512931614103038,1.8857078163040653,1.843927447102249,2.1567988141531487,1.518841998175791,1.9884003169325828,2.304647200684762,1.7998667326547346,1.949236190022724,2.1140281691035163,1.824386263924288,0.7228425125678384,2.018104602026349,1.7259117472805103,1.6167811712298834,1.5506564846669688,1.9528267764810865,1.7510663418822532,1.7924734607008252,2.6316854275818358,2.281911709660553,1.7718160898501394,2.483797977583056,2.465295349737296,2.110616664316571,2.3531613777532883,2.044430221098557,1.8926248209023997,2.139144199528352,1.7992639626032438,1.662876582749405,2.2820352387412703,1.8983733224871304,1.9292915516156164,1.9255370169272965,1.6266280594290468,2.343853194604402,2.0967356336614937,2.1320626588886484,1.9645676648666204,2.9352957147294454,2.1074669952423664,2.3772930356981266,1.7154124136569204,1.9159123925359365,2.7285623409096327,1.8105177440353808,1.7084334529932763,2.4439959137270053,1.7747180783804717,2.257722688179256,1.380805703174704,1.982113935699767,2.5414737897604844,1.7760461578190494,1.6001081492573963,2.3009648964549267,2.074104601865424,1.6938862439899414,2.147482941130755,1.699193468467713,2.073297412847204,2.279268479116402,1.8947904482693188,1.7858983690683876,2.28581916455923,2.3585380145526464,1.86287430708223,1.9272315707910632,1.6193355474094169,1.885389142314402,1.7809581403802393,1.7498145104020442,2.466517459239592,2.578962835132763,2.35985676518245,1.929364174220596,2.298873671612528,0.1058265711028667,2.151854779656976,2.193003144761335,2.288442226335241,2.213473070560012,1.494602054167279,1.867845695238528,2.54334994601834,2.247092882052028,1.770465108207082,1.2476779995582026,2.1516424672576138,2.2855437648238017,2.2651178409730344,1.768409377333424,2.148488330896393,2.29862418371423,2.1961741438435785,2.209058860448103,2.057582915864162,1.612392710088971,2.3195425462973627,1.9093844381676075,1.8014198784726634,1.8758230083477605,2.118655451995024,1.6556872042675397,1.5661137985218787,1.81507045625886,1.514170631223977,2.3926143496700147,2.0634836445769484,1.8288643212206783,2.064225067409447,2.355908366931329,2.155029545358992,2.0367683352269137,1.3602292595535062,1.5368935796490952,2.245507065851784,2.1476034324002686,1.5340116774951176,2.15592052583944,2.366747082182385,1.746592906658078,2.188100311426316,2.1807148556710017,1.4545086060385106,2.239823309161772,1.50477895240688,2.0063726406738707,2.208632504610905,2.0577154795283645,2.490780476771361,0.5741638990522239,1.836850078583432,0.2230636694153043,2.511818438855128,3.1170868308282054,0.9747817110343004,2.7422435428672527,1.7921540948490295,2.8702328603442244,1.5086196943871355,2.498227107735642,1.350329345567393,2.8410664973209934,2.273430084840307,2.1995196780245765,1.7720369029604894,0.3761337150779245,2.290365178762795,2.3203212894893275,1.9855552327087933,1.7513998545996912,2.588291108598825,2.4181650176356366,1.9727461537626343,1.5853201473992828,1.7395750133381551,1.9270204253458056,1.8772354529566824,1.581716979468565,1.0876669108387729,0.950740061309308,1.444907815996726,1.834125872969554,1.844351136194716,1.4798937016163127,1.969967256227022,1.876578027265797,1.9960478953910463,1.966239291325354,1.882170306551721,2.229059276089158,2.4020540686940195,1.500676507350737,1.656509506487833,1.5628572194733197,1.699160436055083,2.675583108366899,1.7613490294741234,1.8170990324432037,1.5201318777471846,1.7911670342970134,2.58843537663142,2.2240769080715506,2.4846747355265832,1.7357642440855177,2.136068239229998,2.190293345270851,1.9589926118872176,1.7318495944646042,1.858558394641133,2.2035996450289246,2.31058855644239,2.0553662891786284,1.4922167686573378,2.050716149607256,2.0035249390654744,2.3200423009823874,1.3892311712805765,1.8329820363940712,1.4140059246939771,1.6858918320045555,2.1233202496493964,1.9738118641825664,2.574086327865252,0.1263715685398854,1.3545024710954912,1.9793688332571795,2.116443935704404,2.446181238968426,2.486800559296705,2.724706730993458,2.2039799162826323,1.973722436668298,2.311668399875148,1.9408391687558595,1.4155935404780182,1.1007977586294806,1.7207651958730057,2.035855049872099,1.685676382637821,1.8680369526878493,2.1664045368557936,1.6744660172612549,2.067894534628265,2.344785355641734,1.7081243844052474,2.418305661605257,2.4607779105403265,2.022644441096866,2.4191088512987884,1.833229276220634,2.1750309927038844,2.048931221337916,1.7440305583051827,1.8009401120564688,1.7728670949236958,1.5837802408649648,1.851171904797738,2.196209464449906,2.453063930621881,2.049888949792232,1.7714934256839203,2.057533582264518,2.4311888625649325,2.1186119104872723,0.6209617007542634,1.5635786141862706,2.467910209126934,1.808416869277956,1.6522238052458107,2.385953478377149,1.5048354160568809,1.9151122959581104,1.7024435088089005,1.967664350961278,2.1063138726765067,1.938639202930532,2.212536426536978,1.6959874652594664,2.2819683227645897,2.0219256531732235,1.778387531445189,1.338255085742722,1.5832595701850474,1.960612743941692,1.8305362496127235,1.6410021438913664,1.6730478275016405,2.50213312776423,1.9675315798807165,2.413452546831135,1.401106179910863,2.035321440437219,1.710787610335062,1.889125138765475,2.564859714019498,1.6000332388511191,1.710744015167646,1.84084889331058,1.7478477359430566,2.4620717256929736,1.9093647501359003,0.7594548507659213,1.6618950853228172,1.88948964281878,0.9215097105504848,2.156685549953316,2.1105329191729223,2.3524423156546885,2.223790202454721,1.626501723574937,2.2105765198292024,2.125629375657789,2.276973563112463,1.804545809746796,1.7781992826726385,1.816970027797758,2.282011888747933,0.3526593401453703,1.5612000553575296,1.274554892538983,1.9220338597270772,1.5251847487467265,2.0791162228992985,2.279362879906481,1.7552566332589752,2.1776623396909374,2.0811583463219185,2.260002719190349,2.1932714869218346,2.232616459283632,1.6742492321728395,1.7523839598260804,2.029352989620137,1.877193710886249,2.322026619183177,1.606252579548484,2.3421311974259447,1.6317170284679012,2.1576314088879696,1.8480526183894412,1.6131180915534948,1.744208374081743,1.8753507080426084,1.995267841792012,2.031294180526892,1.7522165001353889,1.5696947525202969,1.3539472043742822,2.546036784350033,2.233420138527757,2.252450263164771,1.8638144360313047,1.957073969821564,2.090462770751647,1.713378359419827,1.3463615647816929,1.7827661503562993,2.023800064210029,2.111475767698068,2.065468286420681,2.461096855826708,2.440270015362453,2.6026544793846123,2.5177634012635504,2.295726040776522,2.9542369744011285,1.8917618556619136,2.017013407795611,1.978171045599352,1.6482239991986956,2.473048398478328,2.027782048386009,2.380825216853417,1.9212285548858827,2.0216164213721046,2.144299851284847,2.062881281102462,2.1607568751652697,1.7797091653018402,1.9630147987068736,1.849833093886576,1.708262258039846,2.1100153516493547,1.8378507722700488,1.8740550089800407,1.5847821190777736,1.3029791558720412,2.2341134412871497,2.2043160169437,2.6427367905484624,2.013256451042198,2.3141971095049554,1.4080942165673265,2.1670533183819627,1.7238957739512235,2.1375137072063293,1.8622250112185992,2.177291871567182,1.958245493912722,2.543813929782965,1.743258342591362,1.5905700049453384,2.316759209559295,2.0923206249401085,1.334745743928248,2.062747526342008,1.5891852823910233,2.5468351491412005,1.7259124476536354,1.839411433040219,1.6319332704684506,1.7427378351277392,1.5289715158016743,1.8524857869298528,2.4995828891592264,1.8822719415049336,1.7746135008331176,1.489000963910322,2.177645027960453,1.6145282426046097,1.8283343482351533,2.1181611823740982,1.743246672144499,2.9414042075920985,1.5059381157545522,2.910350878124616,2.279243941714862,1.802275314781268,1.9158599763919812,1.833961746162528,2.1821218177127704,1.7576261970197815,1.918912240497305,2.413206151865867,2.200474109806371,2.120161862203332,1.684892654148037,2.2323786464033546,2.297422783146927,1.9593019201152888,2.06598044686427,1.886234767065423,2.240025493173825,1.771393943645599,2.2937568784513878,1.8525644477469567,2.269087829121123,1.9257765299572545,1.6606464454496583,2.011827416201564,1.998668977077365,1.9626326578481408,0.0974782546602892,1.42627684711988,1.4258157235533684,2.239089571172417,0.7438236610109492,2.157688990997158,2.100979696433823,0.8538094601543496,2.455875365896464,1.8986720505908496,1.7011745068128756,1.4654108098529572,1.824386316713722,1.7827564005279102,3.163693385812937,2.6165768149460384,1.816099917223254,1.9258052851507996,2.451322534457193,2.29516611010352,1.8358472441562643,2.0717073777039405,0.1917059839645772,1.8469685574028023,0.7140713536130611,2.497762420728628,1.7500955170842718,1.5886847464110991,1.82363566242795,1.580883139973639,2.070745280417308,2.480485675254632,2.025154232582318,1.8031170121011668,1.8101292001746572,2.009876914819796,1.950621084400436,1.9924631031475528,2.258845145882276,1.9830315319797087,1.7938655282134564,1.6753832961151869,1.5198376768563246
g3,0.0025872105989838,0.0078270408586915,0.0244202363143515,0.0098145954622255,0.0588777626684202,0.0013949367577134,0.0133684810608357,0.0464433446460911,0.0359436278829505,0.0182660746140465,0.0030983828539857,0.0731793692406159,0.0720304412258543,0.0021536477938424,0.0026464265285023,0.0009443610448465,0.0068685547540375,0.0417132664400488,0.0059049692777952,0.0406616715227965,0.0662077888676006,0.0107585862672257,0.0004759814814283,0.0184190160315296,0.0196205631027883,0.0216413445053625,0.0117264047318303,0.0126353077646019,0.0099838467091826,0.0002060055338453,0.015963115037871,0.0854653574315801,0.0382060712512011,0.0129642111278727,0.0261676447516752,0.004511467012546,0.0207323486433122,0.0122403681161475,0.0393332176730844,0.02566714506935,0.0319553588526315,0.0431794648644335,0.0017905734367452,0.0005971969793881,0.0243695229793488,0.0169848660338551,0.0112389772931817,0.0086061156745144,0.0127816648441336,0.0126367780543656,0.0088834799620287,0.0618116653084701,0.0230882071719373,0.1498486824578369,0.0142598700842014,0.0346888099567758,0.0070255043349443,0.0441962377986989,0.0117500469611496,0.0037364481535405,0.0091931326979565,0.0217784922966626,0.0027234434118457,0.0397032607522044,0.0069131534312798,0.0067742608614437,0.0011775237109474,0.0143874698843761,0.0682644251310688,0.0042560230271319,0.0202306854601422,0.0198126621342408,0.010342019295878,0.0103681057099431,0.010853143631278,0.000451360049251,0.0128435954624137,0.0134676879794821,0.0065774189394397,0.0798797615701789,0.0076158934744135,0.0006680501853499,0.0031605659396518,0.0024175767793743,0.0214281473073447,0.0079705576414664,0.022012411331225,0.0153491042793949,0.0166108340431541,0.023351044755164,0.0237354756199142,0.0150030683688286,0.0072474223722335,0.0368805546955035,0.0079194642492758,0.0487563383845627,0.0041098623695781,0.0773381343115934,0.0020970677809034,0.0189527573340102,9.664138838179307e-05,0.0229125392719159,0.0286429496780826,0.0057639562725862,0.0021774502946116,0.0029344231175373,0.0005830261386119,0.0067252738787423,0.0173969123972811,0.0101595172479646,0.0032173647729506,0.0143368557942021,0.0906380793293859,0.0191527657729119,0.0098058077263801,0.0051173610165386,0.0447199308359965,0.0008974464142911,0.026165101258615,0.0043206509905554,0.010894926151335,0.0126453319822831,0.0001913511674506,0.0215530560069073,0.015124431531431,0.0208407300942145,0.0342675267460879,0.0142691434557764,0.0027715481400983,6.211312709375602e-05,0.0119827309560853,0.0076393259757865,0.007236195612354,0.0064212904583109,0.0287611245058257,0.0149829753920044,0.0126378473941138,0.0104908684906225,0.0615632245583646,0.0210331991050633,0.0331442968476293,0.0522778918148635,0.0033041993264241,0.0225436089498423,0.0071921038674797,0.008657561062601,0.0215710438220723,0.0236284907750778,0.0025004335217652,0.0194092184237784,0.0168867936806789,0.0145911797815825,0.0104288258067733,0.0161328419745582,0.0206914151650839,0.0032129661414307,0.0139619821781783,0.0101160554997056,0.0146664538909196,0.0073610835509942,0.0335534052275084,0.0182395718141883,0.021459074461886,0.0042015439728549,0.0084282884700954,0.0154455376341282,0.0078883133770006,0.0054372022945398,0.0020172897799071,0.0092827304559549,0.0156233779093862,0.0375892870831865,0.0707347538849951,0.0053136507173845,0.0066003874768918,0.001251081795374,0.0089529601213039,0.0006376800222793,0.0238355979871696,0.0008779984292681,0.0063347426743276,0.0394113673409925,0.0075246934427875,0.0057669724594253,0.0020514349452067,0.0136023351567519,0.0410899937325605,0.0364748889305164,0.0231506305093244,0.0018802560186328,0.0133130803466029,0.0105378184893889,0.0027217560074951,0.0992055256809432,0.0580005554531367,0.0236681874003794,0.0094268861620322,0.0147542064572083,0.0023935287424873,0.0134719520582335,0.0866883356070585,0.0111308031859164,0.006262284522197,0.0126719678308973,0.0348985197776961,0.0868714592349653,0.015045833569905,0.0897968354650965,0.0533848349123682,0.0098795008854061,0.0076295627622544,0.0008832163933771,0.0056760394513379,0.031419344197635,0.031874861755251,0.0066866685456426,0.00436574489723,0.0044643743186901,0.0143861563679203,0.0042208788334091,0.0028012437271255,0.0085425991024896,0.0038105076759362,0.0893471129127315,0.0182128276686501,0.0034616606472347,0.0061675102204016,0.0057272242304431,0.003861134848364,0.0052305079801848,0.1122883478795105,0.0295524052577209,0.0640650931244156,0.0316419424251126,0.0012375596326872,0.0104774856210954,0.05268841190845,0.0025566585256435,0.0358574151317745,0.0273594913781328,0.0033067189110847,0.0295708885914361,0.0063413446466556,0.0327946612678972,0.0053525068619547,0.0270150906371066,0.0137639958015219,0.0096491986049413,0.0411794419208768,0.0350384891549243,0.0003381791639341,0.0076778165303126,0.0043296775553942,0.0054763683532541,0.0038001205357624,0.0292301384782943,0.0093759028715827,0.0017925484281314,0.001029864784858,0.0043776403804145,0.0083814138263762,0.039208217305786,0.0006430929834207,0.0081077979732215,0.013637662938954,0.0536070021649589,0.0212780825825426,0.0041172067682851,0.0105278918927795,0.0569835055897526,0.0194206942531615,0.0010111721263345,0.0084173516872543,0.0055472164583949,0.0366243765802931,0.0242923444833685,0.0136736916716529,0.0057593421346751,0.0015270862120027,0.0194058534090816,0.0011989358113749,0.012566023055605,0.0376026060474723,0.0159650448928667,0.0123194516966964,0.010483385929283,0.0446533603807696,0.0228229070819392,0.0036264066479618,0.0095366797607222,0.0002191100359147,0.0024318373997732,0.0093979416002026,0.0028230177863697,0.0003914827385974,0.0404249384744191,0.0115537919195867,0.0046446994490781,0.0042950859730269,0.0090446235743421,0.0102064706214457,0.025478877591405,0.1317507216332869,0.0102849571201916,0.111792355246406,0.0042985490106138,0.0858417501989898,0.0301105814283013,0.0511310914018079,0.0470744335527178,0.0054320714008803,0.0015789560524779,0.0036124551750743,0.0240148332787877,0.0100930641385206,0.0015372368456774,0.0124462647890988,0.0407574246775468,0.017047307285009,0.0154174118762381,0.0133594617035606,0.0012818630886063,0.0082600873878102,0.0016842283808514,0.006427934953017,0.0023683512002266,0.0058057734344123,0.0057522466297499,0.0031279175801681,0.0567972022365112,0.0181779250591932,0.0078067109449081,0.012075970123325,0.0001169702823214,0.0056972902099563,0.0062783939706252,0.0017419170320637,0.0041711002753972,0.0091236969507324,0.000737530216421,0.016614820605299,0.0474779365331913,0.0204921514057335,0.0232629672562985,0.0121543872305256,0.0055500511856483,0.011316084413385,0.0991816115336254,0.0197944530046961,0.0275185136848223,0.008745105860992,0.1212883574702572,0.0031968975663513,0.0140366475581482,0.0021047098736103,0.032225346843956,0.015827145564166,0.0236299291590073,0.0120174474575372,0.0032199643885792,0.003016475420843,0.0362710917171132,0.007751330341424,0.0016802439489647,0.0108448169369242,0.0029486916757896,0.0424270461564687,0.0259355634296327,0.0594262712727301,0.0114595677723959,0.0039405745251676,0.0086937210157577,0.027965877014073,0.0121338311365033,0.0254414439549837,0.0212504544095006,0.0256322591540031,0.11302748705501,0.0221389790920233,0.0090629716108586,0.0005434237675096,0.0011114093274941,0.0010409617022902,0.0102968832383957,0.0168612488386259,0.0006407942470064,0.0229619918405872,0.0089673759911617,0.0329750002125829,0.0463108884682924,0.0936337679307176,0.013306585677787,0.0026727900365284,0.0102616940087691,0.027744383879096,0.0023186361225342,0.0666658509421709,0.0099872961586305,0.0074066861008249,0.0007143831912998,0.0192720655481096,0.0568422718876696,0.0740904388674415,0.0396274734737236,0.000653915681811,0.0341504674832442,0.0081554509078532,0.0005384480357354,0.0159415821296204,0.0012529584681753,0.0033333335536603,0.004028570323829,0.0377232889859972,0.0077493608947075,0.0513138049332186,0.0055687681737563,0.0074158364574944,0.0065506958570503,0.0832417011112253,0.0155851552561928,0.0484739193304642,0.0277781403420323,0.0373527464765236,0.010931925812369,0.0294144421424946,0.0475164291280904,0.0020222263850252,0.0013769576418,0.0011024382871698,1.3133849851575138e-05,0.0225994875230368,0.0413098537771795,0.0358183214541801,0.0078484241289946,0.0042821549740529,0.0060604129695467,0.0081539663636778,0.0203525241617068,0.0020779258509414,0.0004941373378935,0.0033228604917249,0.0446183715533395,0.0438317560956393,0.0233134530545288,0.0214940735284878,0.043473006592231,0.0322421382455988,0.0035049002938165,0.0035937416422814,0.0029447871622152,0.0019823601784254,0.0051022544931703,0.0345385504621527,0.0055581663271861,0.0171242639421702,0.0106308694588153,0.0183731171942938,0.0458122560766906,0.0087671645254605,0.3821438565762454,0.0193391887308923,0.0141534205870594,0.0056313685979207,0.0157695062924808,0.1582630828999879,0.0033600811892385,0.0023337082531399,0.0086591173924844,0.1204572411925367,0.0002163527965124,0.0015878276151243,0.0263660859603283,0.0440498125885428,0.0209957906401188,0.0033471813853311,0.006633507213844,0.0127298653174616,0.0442473852571765,0.0141504829342604,0.0072269705385609,0.0056871160806229,0.035589233133465,0.0001293419634538,0.0114097909124159,0.0540778921145659,0.0054116117535654,0.0209850833600839,0.0008089297337253,0.0133094856231711,0.0088199360814253,0.03260075128851,0.0026094558324001,0.0219768297001717,0.1090992821427221,0.0026134833523223,0.0714145493572487,0.0753493679290315,0.017459432657441,0.0009773086729362,0.0522480636706055,0.0253104650695665,0.0257408190507305,0.02654573944017,0.0028837982204442,0.0001408123398712,0.007200751348741,0.0092814460953672,0.0007437232645041,0.003960080868714,0.0836137820570633,0.0027882362648462,0.054072033067492,0.0188289402405121,0.0094522165708983,0.0088429744350491,0.0056786499663404,0.028742839065407,0.0070161368580561,0.0010243953789857,0.0045011030553091,0.0430224195968333,0.030927729141197,0.0033530979070027,0.0885605276921093,0.028314452126562,0.0053028981126909,0.1024948544975119,0.0030088341310792,0.0121428143857494,0.0279902534143129,0.0001525021164083,0.0175820276550184,0.0233947699387651,0.0037580171171057,0.0042684688867281,0.0150628767064387,0.015310339938911,0.0269037734053411,0.0007116033665683,0.0205502176840229,0.0071373585752791,0.0262592380891323,0.0094758022429279,0.0037754220305592,0.0116745974328579,0.00269691931826,0.0305252674903217,0.0154148337399998,0.0124183708512181,0.0701731920041419,0.007327079126225,0.043903820995498,0.0276664685928093,0.0262356871839617,0.0365760501885914,0.0002809171955611,0.0093945462470252,0.0069188965950274,0.0056625254011859,0.0160517336489176,0.0089138100620195,0.0093151955055921,0.0009659464615678,0.0011079965913344,0.0600516875673906,0.0859672908577046,0.0286261735899463,6.312380496316105e-05,0.0115981440495441,0.0158413829413978,0.0162725240205894,0.0013320596752706,0.0065056383452239,0.040397616071783,0.0226535656322185,0.0018633917220532,0.0086370133147348,0.0040804959889581,0.0316606492438529,0.0274998357410287,0.0093942938324249,0.0376794809033209,0.0017963188560326,0.0532388957069508,0.0304349878075608,0.0398164924879801,0.0027711756251128,0.004693266270199,0.0049955426969253,0.0266434237113919,0.001460153704715,0.0050546369906091,0.0218140664055153,0.0082860828806965,0.0713818856730749,0.0068559618353451,0.0037719364785056,0.004209626990755,0.0086100939204188,0.0048181133586037,0.0186922088058527,0.0002618310475617,0.0196340310996169,0.009786959580779,0.0141398362526288,0.0099552210360472,0.0097525368923394,0.0089338774916252,0.0028259816108783,0.0095694625124395,0.0886861396722216,0.0059368591238956,0.0093561807010144,0.0117376516843546,0.0064538566815549,0.0024206504008644,0.1148458888592612,0.0057106212628033,0.0202855184957362,0.0307169892535983,0.0050819362708044,0.0115002873294927,0.0117813646147355,0.0069075178466066,0.0014740272720537,0.0243648054210608,0.0053157012733133,0.0047479052350256,0.0427623225029335,0.0200089294122462,0.0091841239913726,0.0030329282754483,0.0101437025027678,0.0173616799285199,0.0035722338331873,0.0215895565391275,0.0066765770339825,0.0033315367515946,0.0392906943431766,0.0037957252664565,0.0360782606172392,0.0867047635803369,0.0225236273354088,0.0127225092946942,0.030996991178131,0.0221232229941853,0.0243211401453043,0.0175080581518017,0.0179449046246825,0.0125554424712579,0.0159832223081766,0.0087434764906372,0.0103561892115674,0.0089866324549656,0.0121281499980066,0.0219487542147779,0.01,0.0630623730339505,0.024848169187805,0.0049583543191935,0.0065522860641055,0.0047039277370083,0.0059497402166948,0.0066200151508336,0.0049186927246989,0.0343161417932453,0.001946139768739,0.0158957925246837,0.0031175878516568,0.0167207220230004,0.0059581299007401,0.0124622736635267,0.004900810315126,0.0133242953466426,0.0100472873373473,0.0019571239060413,0.0048381417903055,0.0058089291035683,0.0753551074373205,0.0150603691942703,7.369716807068558e-05,0.0297645003100816,0.0067324033284406,0.0078253431319846,0.0322249143463903,0.0211872975386023,0.0021684360585615,0.005887746810194,0.0053155503598292,0.0076205875893367,0.000800425514,0.0001847772571302,0.0129411836225778,0.0028271584399442,0.0064977525663909,0.0194926143127273,0.0086646608718268,0.0221913249908582,0.0311160462132932,0.0374957353305264,0.0542368074575226,0.0201023542086832,0.0093433286601733,0.0263463809178824,0.0193035338157404,0.0016734459642046,0.0126541102810974,0.1404576086459996,0.010738864432949,0.0030409164477064,0.0117128549574038,0.0109983740571576,0.0070018552916616,0.0681841545850124,0.0052149100848644,0.0246562980933203,0.044977489983503,0.059899405659388,0.0031370806367429,0.0008207685894706,0.039291587453268,0.0388027714637051,0.029799277176938,0.0017310964903939,0.0962698851099584,0.0523743116721106,0.000193629882038,0.0045959045963169,0.0196426578397962,0.0088650682998589,0.0119717208355145,0.0013653234010834,0.0021213256468669,0.0011094426370078,0.0227799863501997,0.0497052513961107,0.055126759030987,0.0148030335386085,0.003515268814451,0.0021560390600472,0.0114869941591143,0.0272964952711156,0.0403160476823105,0.0232892224553401,0.0402596461716735,0.0013777007009394,0.0074685684819292,0.0119806823440031,0.0028680365850689,0.0126656232956284,0.0742216866081569,0.0349759945981724,0.0289049256520017,0.0107136442234854,0.002068634942951,0.2381324277667567,0.0042776835421884,0.0005403341802408,0.089368064887549,0.0007728261371087,0.0003134209399146,0.0097775852758404,0.000365467110619,0.0567635783307672,0.0124490676952136,0.0360293101383506,0.01430235717689,0.0002197626344598,0.0075409938272295,0.0193646441498593,0.0552394886249746,0.0494023480450649,0.066885948460941,0.1181729982892385,0.0203689536907905,0.0189270227198698,0.0133370494101365,0.0105899670911171,0.0034060630522907,0.0006441237629103,0.0939056612148873,0.0066609028624485,0.0321616856744934,0.0099471965216985,0.017233881864888,0.0050626906180294,0.003644746394038,0.0011737001227362,0.0236487427942454,0.0014644438334171,0.0453054840642715,0.0856630586993976,0.0189733335877208,0.0049855694990197,0.0040256406184353,0.0045676956845924,0.0470109687725138,0.0180547791841935,0.0348066641379187,0.0086917230002403,0.0293585440364788,0.0095468760608672,0.0202434985127046,0.0106059918471068,0.0049407911013777,0.0227488276044986,0.0018189983879887,0.014431895580176,0.0243474238268079,0.0474886794128504,0.0244765362287669,0.0026244558562217,0.0002556493077293,0.0094731364800008,0.0003673373611863,0.0243141183130568,0.007411356511928,0.0138759377426384,0.001584491023683,0.0032290665780707,0.0007558047501679,0.0144134473254215,0.0046284700520165,0.011273736723991,0.0585665801157549,0.0303996426398529,0.0034794741051789,0.0120696628979629,0.001626766378827,0.0204886469774084,0.0452055441070967,0.1107258691452364,0.0420766570694937,0.0223996405389737,0.0368723308014723,0.0054787219492689,0.0120522684304869,0.0746662452499143,0.0195926364185721,0.0086406756393893,0.017162266043935,0.0011803091476967,0.0051180341422056,0.0044819615691138,0.0160715277566269,0.0045289053390739,0.0270633639537698,0.0003878673774609,0.0060146603890328,0.0009607264163528,0.0116046195620559,0.0080111197960825,0.0045295863684428,0.0349986457590524,0.0177188531287895,0.004984517117461,0.0243172022097393,0.0026444671120916,0.0066493949224104,0.002157350361931,0.0144141869174475,0.0502117859641154,0.0195640330110661,0.0895982116640998,0.0034239865197888,0.0052738869304786,0.0179224040686881,0.0158677731065448,0.1327908140301669,0.0327361272638549,0.0011480501443348,0.0052356359074561,0.0111217574793897,0.0052432167884137,0.019396612365468,0.0104176030733957,0.0040178091859387,0.0217120793582051,0.0159493764037793,0.0151008023889665,0.0382570341734238,0.0241977158978131,0.0252543016328625,0.0298406702948723,0.0016715139298272,0.0083942361619242,0.0118515665572214,0.004845685485217,0.0181291605126361,0.0006330033811685,0.0048034606077527,0.0501697347529444,0.0082337080281202,0.0002327068256162,0.0013851226222627,0.0069057405595095,0.0074444827091099,0.0461434299992773,0.0124514853154437,0.0021768222224695,0.0095387997967172,0.0027477519008817,0.0055232083302574,0.0216643665176201,0.048101339372835,0.0017169020968929,0.0062955493440848,0.0287364627012196,0.0241259463596686,0.0053678333095398,0.0003586708253563,0.0183209306389923,0.0345085540324568,0.0129461936751713,0.0100710876271823,0.0053083118441753,0.0032647032291509,0.0031966820471856,0.1791046127401136,0.0116738581236049,0.0012316931726515,0.0003802009061216,0.0464127636332703,0.026882345465146,0.0054756305937134,0.0130699992067365,0.0545780312635135,0.0054533079598566,0.0181183961176062,0.0086392924609403,0.0750394439658822,0.0028722306404675,0.070947075052225,0.0181910826818308,0.0002715822162628,0.0327073423151362,0.0453687845914456,0.0041599958379617,0.0034507766538691,0.0048016986710958,0.0097294227762834,0.025820088503165,0.0003006532637948,0.0115332905531916,0.029729690696494,0.0674940188576054,0.0003343863670011,0.0157385211395489,0.006539753420181,0.0798818317016573,0.0149268571361378,0.0280025471530236,0.0325571685433095,0.0049749348923493,0.0070118112388855,0.0272538169530928,0.0021270912545071,0.0172810979708143,0.0466732880223555,0.0280578201564832,0.0012219339599494,0.0089263555956439,0.049785558545085,0.0433434915060904,0.0354658220429691,2.360186964352033e-05,0.0532612912715117,0.0059540236567856,0.000627645410086,0.0073336377492557,0.0005486624423597,0.011112612303736,0.0280906655999506,0.0018736314105446,0.0100401915574473,0.0077792116907199,0.0002035859713136,0.0716371313695674,0.0229805179505287,0.0046644729448881,0.009141937575049,0.0210313274500996,0.0013370549049906,0.0388446202932517,0.0049678729039839,0.0814605456569009,0.0025156502755258,0.0389847743298609,0.012142176801963,0.001730577846071,0.0087696898073864,0.001098772645648,0.0165351144651297,0.0048837391740946,0.0001130823952672,0.0085626904489143,0.133909813347504,0.0099058143859613,0.0052308104779163,0.0082631485068747
g4,0.045878885176308,0.0128302430656652,0.0050384102769654,0.0016865521915149,0.0003914254999387,0.0748677633183246,0.0024231620571264,0.0083195123154115,0.0209062821985417,0.0089333410657995,0.0158794861295844,0.0013523303867948,0.0266978218843408,0.0055648173636057,0.023928085388229,0.0138857118469145,0.0007494644532089,0.0099633067697693,0.0074644702703719,0.0085065203917615,0.0311594859309051,0.0147769200070827,0.0116256565698116,0.0553543520706246,0.0399995432576623,0.0137751094846719,0.0342024271135211,0.0031291015637489,0.0169995095382138,0.0201171121604206,0.0062713972715653,0.0006229012863287,0.0103630194582426,0.0101324927913852,0.0037350859052352,0.0790092216097896,0.0007356863227551,0.0198324170470328,0.0698392463819258,0.0039770391272194,0.0278361780869851,0.0188488334901417,0.0033924129892939,0.0028054489112919,0.0020132681944283,0.0146745460709202,0.0216855865033751,0.0313416507223098,0.0551000736366701,0.0027029882941485,0.0063485969408722,0.0028195668187857,0.007841942361985,0.0095192585200183,0.0092383151600177,0.0158194265621602,0.0128080612639253,0.007291826720803,0.0920185977925973,0.0055028088516392,0.0003510605371669,0.0053937873670367,0.0049752227778237,0.0226207561866764,0.0051079127165114,0.0573765747780029,0.0122143280325673,0.0280306103925191,0.0007522587961196,0.006295189893136,0.042910086775113,9.619158617003506e-05,0.0264266094002441,0.0588384898512449,0.0097156902354671,0.046918083998838,0.0082553669691102,0.0083253297483782,0.0169029345897123,0.0016603098198372,0.0128050224041075,0.0074886789902093,0.0121879544039713,0.0090025337218497,0.003251678664875,0.0060556725533419,0.0560996439098973,0.0075303301357473,0.0002920795531226,0.0155128411337242,0.0106152318782897,0.0416152710940243,0.0041845257120605,0.0022147720382239,0.0113887066703557,0.0184961797543591,0.0443537805508333,0.0175241040284968,0.0183832685783134,0.0149979166788879,0.0445764710596535,0.0358841205290969,0.0605387555709555,0.0045443145061042,0.0055430867643699,0.0708474070548605,0.0683750817876443,0.0166413647720401,0.1009487110113458,0.0135678210968313,0.0040025301994394,0.0281961018328265,0.023219731937805,0.0187617549772808,0.0395970218959241,0.0005188886398367,0.0125221394920036,0.0007333122248243,0.0042742451686634,0.021264898057552,0.0335202096620355,0.0921282190983271,0.0026828252218131,0.0004734622078177,0.0501770568846842,0.0018446963978657,0.0243270894970628,0.0115519418828949,0.0761622297854812,0.0016595478369009,0.0023275468072047,0.0103225645513457,0.0010137819236317,0.0062439972849366,0.0002955961281346,0.0903510379418934,0.0368112767758978,0.0005445489177194,0.0933948108748506,0.0127534554945082,0.0019560063617518,0.0042472564194502,0.0223795543871401,0.03732545610843,0.0037431463660023,0.0012129219711556,0.0097125608015156,0.0029816434585892,0.0037063864227562,0.0355706542042713,0.0061860847464728,0.0114978745825749,0.0118426052979283,0.0308718693361892,0.0060013437577872,0.0158502146234272,0.0098486158356051,0.1232968365571608,0.0063052846058165,0.0111433503553274,0.0051649493283485,0.002892852632463,0.0020268792290962,0.0025185537777975,0.0087131756900423,0.0062315548951194,0.003543330729967,0.0082327315067492,0.0016845960546798,0.0076681586385354,0.0327486040304489,0.0048737027883122,0.0374381498962061,0.0385152732214083,0.0379648903832731,0.0037427206047835,0.006105389950444,0.0014106949754935,0.0030002221542308,0.0025444817349512,0.0283067407994835,0.0037275391772248,0.013548188017792,0.0163630360646373,0.0168295288363396,0.0133033086059455,0.0022792995810853,0.0114322824130176,0.0150117824005694,0.1051023595108923,0.0233906340292508,0.0005199458546147,0.0043377858883449,0.029823348221314,0.0329197028613444,0.0070215276805595,0.0220157597608654,0.2178295457394839,0.0197685385069906,0.0504185726731343,0.0010858228913316,0.0050726073750946,0.0127940828167466,0.0005510134650953,0.0199871843240025,0.0041150838372337,0.0055148384946754,0.0210073663887344,0.0073895146732113,0.0038422287936839,0.0335266286987704,0.0107470570604537,0.0019393508810069,0.0375950310307322,0.0767570378532064,0.0046011843684116,0.0077707142778052,0.0008365763237042,0.0156491429760961,0.0539338441641623,0.0356067151681927,0.0378043468143179,0.0058346034424384,0.0032197034704494,0.0110634727964884,0.0753848424581215,0.0104483686322449,0.0036405453806166,0.0037054271948418,0.008753313475217,0.004309821793647,0.0565096216106443,0.0037737714068699,0.0128804094430612,0.0057062357971278,0.0186913098255499,0.0346557559974195,0.0059349076136744,0.0018469146928961,0.053291445349098,0.0074653269240602,0.016339961011353,0.0046916354765979,0.0084982884836111,0.0048700683490198,0.0069284489717443,0.0014545149059976,0.0282560102065961,0.0007215013647704,0.0023470751971371,0.0219713602110707,0.0035015556982856,0.0247757873489537,0.009035177544647,0.0068336732246666,0.054831467681866,0.0012991197327798,0.0055257695887405,0.0471385541499522,0.0109176567328206,0.0070873243848219,0.0093901949011175,0.0088957452186999,0.0089944892282742,0.0003610850702959,0.0018308753574448,0.0006268719920024,0.0275404842445438,0.0007627071004118,0.006146245187913,0.0127759509424554,0.0078073701542817,0.0196452547425739,0.001562041422501,0.0092772966542389,0.037125267386108,0.0057611961869528,0.0005462954386223,0.0078884279340028,0.0419370338255085,0.0361021574984213,0.0068619011709413,0.0303781818514942,0.0353150139818386,0.0063826466488457,0.0317827436493656,0.0122714911033155,0.0184046017375446,0.0182428133395952,0.0137515855761586,0.0053109420815264,0.10356301785828,0.0159939017638624,0.0326930732539017,0.0192114139730736,0.0039106838258677,0.1105545385024942,0.0155872602141234,0.0114363895295851,0.0001301524186058,0.0462003669825609,0.0104155908669571,0.0152608911503521,0.0068251767338736,0.0456393985619775,0.0235690179969388,0.001428320604675,0.0038693380085279,0.0066053048324048,0.0246019275033376,0.048598052956851,0.0069602404203769,0.0022980918315575,0.0006409218819175,0.0644828610341079,0.0198170905423915,0.0071745944187462,0.1155321049887541,0.0017233671580234,0.0240837859672381,0.0140991748831597,0.0062983379839577,0.0488432669967132,0.0162049218920727,0.0269894624542655,0.0290503658666711,0.0298842803102874,0.013103605339665,0.0123013037608765,0.002801756985187,0.0111887281719781,0.0049072145014812,0.0424239986536016,0.010331111917442,0.0155451615617646,0.0044088129048056,0.0149935458616968,0.0020099157102952,0.0077851540429608,0.0009913309462805,0.0008802767137168,0.0014558878404222,0.0016283751801881,7.165737515117069e-05,0.0246219812775715,0.0001736267185693,0.022756564561913,0.0027570965302969,0.0036898936325974,0.0704883649850552,0.0056092921321633,0.0316501619230835,0.0095385875343027,0.0315731432058352,0.0060932397657221,0.0003631352984866,0.0014654139590854,0.0806406211517372,0.0158091548609397,0.0664439822562958,0.0004032658866729,0.0009837459369589,0.0016546428779712,0.022183910609714,0.0050518521724758,0.0045810516154541,0.0193635162757349,0.000478173663672,0.0793696764960767,0.0028538123445182,0.0087379771453033,0.0084867020369147,0.0013583923335011,0.0338234849814265,0.0145993768030114,0.0222827736821751,0.0163921079054571,0.0176464845628108,0.0250288943341725,0.1382018105440075,0.0063677953005914,0.0112097528937787,0.0421893444117038,0.019494940436223,0.0087778892313424,0.0076079199090797,4.299659046402696e-05,0.0333019144986244,0.0146990193034006,0.0572764028825125,0.0320938210426939,0.048115872821665,0.0582099906145197,0.0352746059943504,0.002920684544876,0.0122788624806412,0.0245276134869238,0.069117889125662,0.0432279416179253,0.0011721006783182,0.007094653308022,0.0078857902639381,0.003852495489365,0.0009359242584831,0.0073549165098774,0.0141752284396101,0.1402583617618024,0.0059431990217272,0.0001715605897468,0.0032378487401112,0.0028138887374217,0.0563354254292179,0.0010511430989791,0.0175014745383264,0.0152476269726282,0.0354559691792761,0.0357083168046543,0.0158579252525146,0.0089966275131535,0.0011891628264694,0.0158489683151596,0.0172151507491872,0.003551079488572,0.0384788805637036,0.0192632848853306,0.0067101343197039,0.0006360045587414,0.0164259971829746,0.0165584260679105,0.0448570083494934,0.003009040715406,0.0586042310344304,0.0371912205421564,0.0458420549237238,0.0186071252406182,0.012006568756415,0.0763947080099756,0.0008266560298084,0.0018769187490414,0.0211404640076105,0.0079999748219715,0.1012014335966216,0.0457984510279281,0.0229367140727929,0.0048454176908671,0.0305228294404878,0.0112932862430789,0.0008262117159061,0.0032741961402905,0.0192396393792457,0.0043622900496207,0.010618490460513,0.0111651627326333,0.0103043967194495,0.0008764577916,0.0094447841640594,0.0084353846385196,0.0243367623143755,0.0008908023126575,0.1940810165421928,0.0025267335498519,0.0087932197292811,0.044056299640082,0.0104450215667014,0.0175561989588124,0.0105646701474442,0.007177474505663,0.001123348698832,0.0536041238869948,0.0040017709445377,0.0013950100602007,0.0991721192840428,0.0210863542593736,0.013920956580247,0.0034129378594918,0.001540462075,0.0086195982410155,0.0017692187804433,0.0115935394694115,0.0030051324412527,0.0322375384464357,0.0820026716342476,0.0227973679443288,0.0047926389988741,0.0121705665267178,0.0263494474802566,0.0186667814004886,0.0015412825723262,0.0162382471933317,0.0051215062356912,0.0937816052425818,0.0262045589623544,0.0109240035831851,0.0010193178854951,0.0208909108405509,0.0017739092454138,0.005995649194701,0.0049429791328881,0.0011679652162242,0.0012965621746491,0.0010947780571793,0.0601925502055016,0.0090112241474506,0.0037215086666758,0.0182894167084433,0.0241821250200164,0.0070202503935984,0.0122587885465383,4.954425507867899e-05,0.0004429309320116,0.0404454187326536,0.0921178230419891,0.0681839397751536,0.0077261837693262,0.0122811427170567,0.0177669276808973,0.0067718574252035,0.0120676157699558,0.0354744532070395,0.0075796081357126,0.0001193600336574,0.0019515380432048,0.0061045854955764,0.0407096201399646,0.0547125844650987,0.0187556222320443,0.0499402709188064,0.0375305958709218,0.0065015186908752,0.003691396022577,0.0065553411236549,0.0060943018154458,0.0002381637302705,0.0113652845373556,0.0003372993891742,0.1333711849892943,0.0385349049924919,0.020369577066515,0.0063846451908204,0.0773851510235321,0.0062252590287635,0.0062963804282913,0.0262964716340196,0.0140250708847614,0.0075901614747099,0.0070201528219349,0.0046292477910504,0.0019507857890542,0.1448271799137167,0.0102087386135769,0.039312678417627,0.0233768123594179,0.0012545021812403,0.0100744089617011,0.0110406413984004,0.0005533954974404,0.0263007139911339,0.002340908952984,0.0032285789163485,0.0013255569522623,0.0014765593831297,0.000511346471624,0.0042025937828504,0.0298248431597332,0.0037217917123279,0.1046179118926312,0.003685185863342,0.0457100028877273,0.0010274776693872,0.0202439388449722,0.018547954831088,0.0079191786325411,0.0019704603815796,0.0554883514955886,0.0182562322689696,0.0074096607722496,0.0073167834212892,0.0517041625633364,0.012716889995129,0.0278742125842855,0.0713324271091643,0.007745312673738,0.0058331634775421,0.0031367454832917,0.0032180584545566,0.0018777594512853,0.0022774906572981,0.0542542055622641,0.0044417216251284,0.0315725523615663,0.0079162829947378,0.0208721951947092,0.0164092248387305,0.0176661580354803,0.0116515124578773,0.0219745105999747,0.0148413669299904,0.002501914762151,0.0019354626441461,0.0010645609767807,0.0089389229327638,0.011536461343784,0.0240757086619036,0.0033697575463874,0.0006521444366064,0.000296003840991,0.0179829465055039,0.0248721681711208,0.0071407323224298,0.0022757981151026,0.0029023402965544,0.0084245477240108,0.0678878163195173,0.0015421619034952,0.0130537813338854,0.006451024255626,0.0120382813245085,0.0278292170940717,0.0047112357519962,0.0166897620766085,0.0056067116963082,5.150842823254981e-05,0.0049865816959271,0.0514816007290548,0.0113800028641283,0.0013008459707818,0.1421324416151746,0.0092033217524369,0.0047206716310253,0.0017173660880179,0.0191806756502698,0.0328305279189972,0.0008501425778213,0.0194943071274522,0.0083899254132201,0.0277100349833218,0.0173970669779345,0.0011584152947149,0.0007278948866631,0.0370044541855153,0.0040707113099889,0.0100754548879089,0.0047105207950714,0.0065015549631948,0.0117331088544182,0.0567053939317199,0.003129399918532,0.0314737018510683,0.039460291357297,0.040730769533607,0.0195552676944513,0.0050453828788088,0.0103428238893348,0.0704593047627808,0.003776098641834,0.0019544339412611,0.0182732035968099,0.021903412714175,0.0044179536681248,0.0076561373098548,0.0118364308808133,0.0036274375173497,0.0187833964870661,0.0016085953959716,0.0257003919489918,0.0026013040773435,0.0508509309919726,0.0816512016224794,0.0170516190075994,0.0047340250571096,0.0041924877866715,0.0172727588071116,0.0038894896551525,0.0149933220437571,0.0118258934973418,0.0063191957309042,0.0170331533625844,0.0354031207731094,0.0329647826983887,0.0002645330371672,0.0137943646091285,0.0075834093702799,0.0198269142478631,0.0110406753741211,0.0124790829886112,0.0001379829616238,0.0040258213344943,0.0089737658327045,0.025193358281792,0.0059967123247363,0.0216424455953112,0.0296837501866443,0.0789075976382635,0.0517739913743698,0.045435229801644,0.0689291588587881,0.0159283893895075,0.1447741388539599,0.0008081338400502,0.0671996468829442,0.0112383167138312,0.0124675790678516,0.0022337333524244,0.0531405857962563,0.0045726369259908,0.0181433100710495,0.0407941194500092,0.004015413299465,0.0019988332541616,0.0058185114784174,0.0149836420707395,0.0118495981438995,0.0083004526225409,0.0141202452865411,0.0617718967046697,0.0314046348799596,0.0126956806612323,0.0024206055374529,0.0057945097240172,0.0333990930315755,0.0230273117247524,0.0004018679903957,0.0059420869058435,0.0020843585774976,0.0079028330977204,0.0074353583213461,0.0056813991184377,0.0043542175907176,0.01,0.0017294400258113,0.0093216632164768,0.0134281895753323,0.0001564635216695,0.0425666635107894,0.0108458477768032,0.0012560214514627,0.0396003830014958,0.0124696663410326,0.0003368596226137,0.1549806456062576,0.0039643083458207,0.0028118578262332,0.018415359907378,0.0053290450603255,0.0075499376031921,0.0189563056837217,0.0428217490387312,0.0899293805051804,0.0123083623144957,0.0423773179064749,0.0396471052455453,0.0144552906618624,0.0708307398143712,0.0024604644407978,0.0022137605601408,0.0209412982887412,0.0344344911052976,0.0076179983530525,0.0455324663446501,0.0045408288274232,0.0024810342161239,0.0296117586558171,0.0149403512112151,0.000570087344576,0.0104012125676352,0.0102308743216852,0.0012062276509688,0.0408094812127869,0.032000484001622,0.0024300622101709,0.0083472029800085,0.0061539334411115,0.0042203325550712,0.000417606946974,0.0001360124131729,0.0014422689809417,0.0085892943470784,0.0030796674475428,0.0136779350620428,0.0252534529689666,0.0605288183221701,0.0404675321741573,0.0647575971488726,0.0002679433925946,0.0176006730710507,0.0285460346094545,0.0342125178983482,0.0303544736597695,0.0459935138030515,0.0239228520414138,0.036284060217958,0.0090125627665572,0.0034819504803322,0.0231873514127541,0.0108557867330039,0.0715244745377465,0.0058852950509014,0.0169234127127066,0.0081357856663077,0.0036371685815451,1.9130735092484965e-05,0.0185452994645387,0.0038240061410092,0.0287566278102001,0.0159318829000726,0.0012823120709697,0.0314793783888191,0.0299653024830806,0.0085775616154508,0.0079909141206423,0.0002954642642251,0.002648613302025,0.1871141198890514,0.0063217034155956,0.009211546334083,0.0481482131024349,0.0036361912772639,0.0048260078006131,0.0006769248841455,0.0562537157760107,0.0244205631604245,0.0225591290375712,0.0064514420957567,0.0450199774603662,0.0747427278738121,0.0111530620295906,0.010015942214573,0.0073907359787599,0.0123061212829055,0.001714612385674,0.0021092055651511,0.0078139627187307,0.0017732296857639,0.0120391008956375,0.0544987961181472,0.0029644203884279,0.0163015814352186,0.0237168693172683,0.0216469174351638,0.0349575953361175,0.039198173563902,0.0222259475189438,0.0121084818200955,0.005903021106705,0.0043039111225943,0.0028712562840269,0.0280175126504606,0.0128702942831969,0.0650046500468145,0.0103595400776461,0.0241500434707988,0.060859530789476,0.0287980013259761,0.0109909637371901,0.160278910768522,0.0423355703241139,0.0142269871349055,0.0426196068082704,0.0626303935468533,0.055799954840244,0.0019054239656365,0.0469571006070849,0.0032996659707579,0.0021692998384914,0.0199517475520739,0.055700313161527,0.0214360446646194,0.0425504618045158,0.0127051387528118,0.0023111606611609,0.0138038462637447,0.0119026587749491,0.0234308401510296,0.0199402017111262,0.0167202440638234,0.0236526785033363,0.0077530333951375,0.0099523656834141,0.0249036970882992,0.000487609800688,0.0280501070103735,0.0012119540945001,0.0761099126881988,0.0077280839953176,0.0039996698394998,0.0029715461654006,0.0227697250318565,0.0117577476903566,0.0048772702590711,0.0142789461664048,0.0098273481966658,0.0256878155510649,0.0058728801332273,0.0237149424502209,0.0586161842136704,0.0442820032386792,0.0050986415873551,0.0082332829381887,0.0069906921583351,0.0421270928841746,0.072337722606789,0.0079159082652992,0.0627829239053071,0.0503423781817894,0.0077558645113405,0.0039838573528191,0.1029374952649828,0.0286092603769822,0.0001137508582468,0.0028235368643056,0.0007397147850689,0.0032657651380933,0.0256810213584002,0.0003201524414077,0.0441536438358993,0.0148753332679422,0.0535188235407384,0.0122615698328949,0.0275773593823693,0.0054123224194415,0.0013885219320321,0.0152750179407859,0.0202311238105522,0.0394912463390891,0.0301601136444605,0.0404453288228426,0.0042775536581585,0.0117264151025556,0.011282626929001,0.0097862072909149,0.0776753265620095,0.0017448545169887,0.0029797016554269,0.0001058545093819,0.0007960543355057,0.0697539844517931,0.0031697395202453,0.0024173157186072,0.0156733605876613,0.0296958821890825,0.003365759027396,0.0181808173190154,0.1064701492225244,0.0308404541050098,0.0004667900970548,0.0134410447336283,0.1110613491904088,0.0135298082772855,0.0014441739350234,0.0038904293976619,0.005352965950409,0.0030213021665722,0.0020690144950901,0.0548122907398642,0.0012911946414159,0.0011075860162161,0.006690579045865,0.008749359368519,0.0038457389541494,0.0126307251712136,0.0062375295385784,0.0175858545106631,0.0007891032171709,0.0485625100479694,0.0160842330100555,0.0010767690698777,0.0224853563161613,0.0078235969838964,0.0079640440669382,0.003456179819916,0.0095940993093825,0.0006478482028124,0.0064033101916196,0.0068422747884693,0.0429345834147179,0.0045962167667811,0.0525913922197967,0.0038648144692072,0.003996678348102,0.0116390355574846,0.0042808027972001,0.0124105285285499,0.0010378673150856,0.0121404842616599,0.0022560132062434,0.0013968933832447,0.0006626101496288,0.0999273465607521,0.0195147317613161,0.0224183486829143,0.0053526418780326,0.0135751836752214,0.1374974456855757,0.0149598438769798,0.0182080177517389,0.0063849123811827,0.0181850374357046,0.0241111025159373,0.003298215396721,0.0504892712176462
g5,0.003708807545988,0.0007245731483776,0.027027853875463,0.0575268439705716,0.0146277593323522,0.013699106385248,0.0073439900031665,0.000584181816043,0.0190631475926354,0.0134848665545148,0.0272799979852909,0.0015602795954071,0.0013743493887117,0.0035332642499588,0.0102334123469525,0.0216094285802977,0.0460912848018113,0.0012754591382475,0.0316834372441444,0.002459732259576,0.0050674924555482,0.0010391696613615,0.0075676483781627,0.0534838247767852,0.0390455923588864,0.0080330332003268,0.0092838768785575,0.0127858386916399,0.01,0.0182583179024948,0.0009881931922278,0.0656895364645255,0.0227041015090874,0.0068600063043923,0.0200456703222773,0.0182012909537999,0.0193221110847657,0.0125690099981955,0.0064394090070624,0.0640590026313727,0.0449106514685243,0.0078259635176434,0.0054831239951749,0.0096204768413019,0.0011605951554164,0.0140629269126324,0.001231319065513,0.0139632235268658,0.0111270855777225,0.0609997542946397,0.0053313297293763,0.0009246757566645,0.0139390165926857,0.0157621044652367,0.000662649082782,0.0839532013920774,0.0071992797644164,0.0024243937679564,0.0152035588767616,0.1128263256903682,0.0095280826321362,0.0113081799108474,0.0051974401720117,0.0937292885947461,0.0219529936473464,0.0072311014145581,0.0083502726321819,0.0073011928234642,0.017617240553141,0.0013183919220005,0.0884688666460149,0.0156725950312208,0.0014035726572377,0.0331968043436559,0.0287908044192188,0.006457362256643,0.0024079936467146,0.0102739665439254,0.0052423231450217,0.0031683772392751,0.0329881073044576,0.0046418309000089,0.0013100085576218,0.0026146333704965,0.019742305859713,0.0010415582473988,0.1153274543898831,0.0943572335249687,0.0066372806634027,0.0736616625710659,0.0323623454718462,0.0376768455846534,0.0091335432013163,0.0073469020479949,0.0067304568761229,0.0322552017759349,0.0422808894692852,0.0407718433600747,0.0181277759929107,0.0146702807992542,0.0132026607724394,0.0164694531818973,0.0196491582873196,0.003390748972031,0.0060303905264736,0.049798780437863,0.0021845424631773,0.0020804736467337,0.0363464545937774,0.0071906464113777,0.0054850631927175,0.0025516668741322,0.0039887721944688,0.0002662188396182,0.0374879753385512,0.0059892867326213,0.0043877422616937,0.0005274324867074,0.0039611763905781,0.002812143224964,0.0005040756055432,0.0260310087864024,0.0055800508325658,0.0008264045619491,0.0112728399611845,0.0022654969283077,0.0415768117698744,0.0029192833672583,0.0539942802497373,0.0060306138607925,0.0018116627114353,0.0066089938632712,0.1446909419863549,0.0089870797997683,0.0078031631184519,0.0203679653815567,0.0027420203912005,0.0122261115880026,0.00787133891401,0.0079880856543184,0.0178792456298148,0.0073775725156227,0.0164953587637142,0.0171655737938955,0.0005688532523958,0.0091756965433431,0.014775549307248,0.0072291788571679,0.0072677454558363,0.0481217876448525,0.0553351503928955,0.0207675503880675,0.1142882668185154,0.0181817028867706,0.0088169951146551,0.0018725235377908,0.0427516649556737,0.0030799957045596,0.0071623310337571,0.0126056174096754,0.0133419870067631,0.004671863126685,0.0038167242645605,0.0055570989910891,0.023835552032709,0.0265159637704348,0.0014783723906367,0.1409184146647834,0.0069065102501441,0.0026895050331584,0.0102847715857085,0.0129178485471044,0.001550379905682,0.0253666003775527,0.0160130914913256,0.0335706690121252,0.0011155716151501,0.0108778267830652,0.0336007961458643,0.0031808821157627,0.0264718936761337,0.0090363298233176,0.0243050484736009,0.0097561477777304,0.1520661149486485,0.0073227340329567,0.1139277021288897,0.0038953573559716,0.0101185899354301,0.0046605354786888,0.0253892836933116,0.0033443717705625,0.0331961694276983,0.0562794059767889,0.0001313527153258,0.000660062433664,0.0569914739008191,0.0140523179509238,0.0083915170692163,0.0033665999833484,0.0171230992598172,0.0232905120797481,0.0078019276715599,0.0013493306539907,0.0557727458401839,0.0271299224962219,0.2368701363637452,0.0931232438886057,0.0097302032953885,0.0151658447356434,0.0014004121805977,0.0108330851032807,0.0626242060978767,0.017315262021534,0.0135550257925237,0.0010512993234836,0.0077920327927066,0.0125457241824476,0.0344816856776142,0.0503378636460456,0.0021386602397312,0.0107678986102692,0.0039372530816455,0.003569596496033,0.0100813440601067,0.0026048070005985,0.0015348568553775,0.0245035758870345,0.0103914258889981,0.1205702682386245,0.0272948103070586,0.0017234874528515,0.0291155414963391,0.0001243856144263,0.0174425336852579,0.0651865152503522,0.0202621629303389,0.0139860828399377,0.0011527387349184,0.0140226827052324,0.0219211235932535,0.0061577146772517,0.0873220018904647,0.0003029959080366,0.0116352170413167,0.0243967205716899,0.0082032929037317,0.0260236047693256,0.0218315935664401,0.0166723477221817,0.0032963827791661,0.0015346716345155,0.0834462320595868,0.0166563382889328,0.0468170810027234,0.0069825249711002,0.0011038861895142,0.0240145843856752,0.000708120314385,0.0137644865679359,0.0038591428287387,0.0075008419333828,0.0016799754526715,0.0604881808224414,0.0182578104768978,0.0057255038578701,0.0032775417553246,0.0344289622937647,0.111520504530329,0.0021973200624283,0.0070937372140918,0.0033560082973661,0.0183736583583986,0.0099999966250829,0.0043390706613049,0.0117472448761814,0.024850604991521,0.0045173603295504,0.0471993459686829,0.0387717508430764,0.0293664603379458,0.0067576988442705,0.0583337329233323,0.0038077163307813,0.0016754696896934,0.0034743472115922,0.0195929177447201,0.0568116176002229,0.016875980460639,7.40602663369e-05,0.0100073761943984,0.0012570196607744,0.0036723085037769,0.0021194682697605,0.0311840011244838,0.0496677655799948,0.0066183770437347,0.0080022591231041,0.0018691333045044,0.0054273828662853,0.0039139857641984,0.0182144153299346,0.0243445165211086,0.0001665195601808,0.0100489717491741,0.0037057277137889,0.0914270286790025,0.0318118767876698,0.0036420103947938,0.0562311915944537,0.0123655442814592,0.0533325399124338,0.0038502607396795,0.0148002779523459,0.0040425138097245,0.0825518105701124,0.000476735118573,0.0089100686754485,0.0766549944470227,0.0009898471699392,0.0152652454104583,0.0127162737270319,0.0277362130317286,0.0276652476254541,0.0446187766192918,0.0044968373899616,0.0091708541280665,0.027308393194623,0.0174727050074732,0.0365880099966981,0.0151241143740805,0.0019100845186945,0.0306514224204477,0.0107906565614093,0.0214539775840153,0.0021723583752585,0.0081662670746067,0.0276222954449751,0.0033578897566848,0.0182495217386065,0.0003464404833571,0.0135844971188631,0.0435864485760256,0.0010048166473257,0.086919645104687,0.0065903572607518,0.0051238209057999,0.0016551504938109,0.0182162838289835,0.0295264827685844,0.0002031111735828,0.0030962252584974,0.0219792103587194,0.0053464113450043,0.0152510291525417,3.3115651203909926e-05,0.001476298497158,0.045822300084305,0.0205782549897128,0.0410845346469682,0.0043889363658215,0.005885385761968,0.0017998174941341,0.065088939184435,0.0193284445485034,0.023027736350842,0.010793706693106,0.0080169461027369,0.0157728838161283,0.017238881687057,0.0010948188576044,0.0040441262199617,0.0033970099175815,0.0434726069208841,0.0584333179608395,0.0146278384714832,0.0002230678264292,0.0002067853644271,0.0921995660859628,0.041036468952697,0.0554657242373396,0.01773061114921,0.0200018219604775,0.000422996471267,0.0204969161294392,0.0092958046431091,0.0096342075867134,0.0089636458276277,0.0031641849804012,0.0623429482631076,0.0235960513887513,0.0009773333120058,0.0007603791481889,0.0101209433767355,0.0008714018426394,0.0139945702403506,0.0287999792718227,0.015091052275128,0.0022172121408072,0.0345750751609557,0.0017126726606037,0.0231727204442369,0.0390220536002216,0.0090089554914416,0.0650560624934382,0.0083567600011962,0.027943383870287,0.001692600161639,0.003722502493298,0.0161959757549739,0.0092596717209577,0.0105506528311818,0.0027283507841127,0.0214966860807935,0.0136959912719513,0.0132356994248125,0.0055682677693354,0.0333197332293838,0.0160041247427848,0.004931803590035,0.0612458839367331,0.0038579306602337,0.0213166875704406,0.0056026291453882,0.0077666924865076,0.0070601011864479,0.1057504932368315,0.0291904501344291,0.0039703642514521,0.0119488079879307,0.0507883269823063,0.1100311428647359,0.0406539626638333,0.006759208326904,0.022411805430128,0.0020311991955166,0.0111153381663264,0.0005766112762886,0.0057634491658103,0.0466680197753645,0.0332175643284644,0.0058625161884422,0.0011689750954696,0.0009056300599456,0.006443498579032,0.0001425294760377,0.0018859821812783,0.0190638649787309,0.0056803964621123,0.0032063699634763,0.0167924991391175,0.0213270818336364,0.0090864226918225,0.0005398176213666,0.0367788074477228,0.0027085106878037,0.0642922394327039,0.0094787218113296,0.0048825562493734,0.0431251500163316,0.0061626999803832,0.0107435949340851,0.0096847234710385,0.01115048979393,0.0635778332583147,0.0389908517707477,0.0368177037487408,0.0882259304486104,0.0033775380757254,0.0009305258955207,0.0020125788595656,0.0861212326454916,0.0201254487256914,0.0304706796219755,0.029178777655915,0.0008066064531333,0.0052080070597118,0.0008130841928137,0.022349364548086,0.0287511366674476,0.0024723006400192,0.0035126466410689,0.0010903391718765,0.0035210047656989,0.0001333315473197,0.0025422944664962,0.0421471020758566,0.05328623390256,0.0343714244909468,0.0137773229103872,0.0282418473227038,0.0327952395503463,0.0039920006300912,0.0160090944219418,0.0008139192725291,0.0027838196326059,0.0011691757429196,0.0075502689383596,0.0296413690013132,0.0029551897288108,0.0142699314483768,0.0211357126583646,0.0684411709793666,0.0439248086531737,0.0033200828531019,0.0143785345000199,0.0082207935276921,0.0104597857319635,0.0078905332370461,0.000579007410955,0.0008319883423843,0.0365906742432343,0.0058223445134606,0.0026333785740649,0.0008736560269183,0.0271262875079716,0.0012510379779581,5.0392320200199486e-05,0.0657179616374869,0.0055692121958659,0.0323329263515861,0.0665915257367048,0.0216765886823248,0.0857469905641816,0.0052468668152272,0.0606759145530854,0.0057953370979934,0.1064805057021755,0.0364111237986455,0.0031874706070772,0.1010732169366595,0.0251566512184775,0.0087942585694361,0.0035953478488405,0.0003190920581978,0.0059682731229733,0.0004810549364989,0.0095857935636535,0.0112112237579974,0.0311822045741885,0.0079388827636853,0.0011066491467042,0.0113709926944612,0.0012489100329681,0.038165835038446,0.0802569469344582,0.0004939618349165,0.0143707497947454,0.0014837639751699,0.1908395941746501,0.0040508124643644,0.0129950806967478,0.0388630765206814,0.0163780115769075,0.0560523029418491,0.0049450605741675,0.0012181331347365,0.0335468995394377,0.0075085745584846,0.0085199758452046,0.0030094053073296,0.001068822572921,0.0148713476130635,0.0318524265562408,0.0077517836717093,0.0108047261593555,0.0423861900942965,0.0469238405753451,0.0319906793572582,0.0008712916250965,0.0330337190768695,0.1996002213744878,0.0146254596704559,0.0107921464137718,0.0006652397475998,0.0120776247372162,0.0145760277286964,0.0032682934586055,0.0010105976520303,0.007816012638059,0.0388644904461586,0.0350356625005588,0.0030513923866027,0.0317019620940087,0.028128082568494,0.0068951627008562,0.0020271250236537,0.000786740793895,0.0215196279570178,0.0011104579063631,0.0029712123526152,0.0043165491972814,0.0090147955278659,0.0011390775989818,0.042416796173452,0.015620346097517,0.0053277499410516,0.0031434960893151,0.0105513110810728,0.0020649212284296,0.0199201940122379,0.0031594862321571,0.0129049197212463,0.0140806397071515,0.021980645889052,0.0174817463403683,0.0237480373740171,0.0122627973854966,0.0071853351052727,0.0311914437069966,0.0154105954980595,0.0014173492342359,0.0517103462191187,0.0092414255478841,0.1244785309900804,0.0127526324790695,0.0200815126238009,0.0244673105764283,0.0294923051784119,0.005336358965393,0.0017570071719926,0.0025863323425589,0.019820582720609,0.0206274914010443,0.0011276781187002,0.0012761536799462,0.0435495710985698,0.0253069115108327,0.0019887800804905,0.0049982103612426,0.0051498796404375,0.0035895055329082,0.0127012119379878,0.0047107070830824,0.1576738487508152,0.0047048710720735,0.0251824852240648,0.0120785014860665,0.0191293263563626,0.002110261011906,0.002210016453211,0.0453470724177815,0.0016793477140798,0.0185012913245927,0.0354312306109161,0.2279636029321909,0.0357671362752169,0.0051283325563678,0.0033914490460434,0.0203262313174526,0.0002292739496117,0.0326400472849065,0.019251158959734,0.0099062953051642,0.008841866344055,0.0034316396916117,0.0103993109042959,0.0005810449192217,0.1145561240288694,0.0286154469927875,0.024061404205387,0.004105713415719,0.0162285422032533,0.005256831532264,0.0281899847988623,0.0161467622105194,0.0243876727098743,0.0079940796630159,0.0183826175143487,0.0189399610793793,0.0217815872273625,0.0044363222166765,0.0532804254874858,0.0091003756130939,0.0125625425585283,0.0157150535217848,0.0104829967804055,0.0285157464717997,0.0014211402057217,0.0003529211903101,0.001794311281518,0.0056177500105556,0.0119733447243091,0.0191054441219237,0.0128384166427611,0.0203004528786944,0.0008965199428628,0.0473978421319609,0.0348302070437055,0.0060834497393357,0.015135453101883,0.0131218574812337,0.0149669507604632,0.0202656759919541,0.0093874069803349,0.0122013202353208,0.0107066976289986,0.0001197162327871,0.0021277893629055,0.0627354223481548,0.0161484481245076,0.0236389616919211,0.0028986754493141,0.0088447230109588,0.0097632372590259,0.0446918568825477,0.0277602120311647,0.0004541135776345,0.0003766585149312,0.044525452396265,0.0109046442123758,0.1231825688486302,0.0057763208388986,0.0102683003590738,5.728125867962824e-05,0.0244971002007661,0.1693994922853675,0.0018733648131789,0.0057855234693126,0.088359995298563,0.0046856031846445,0.0319391991483323,0.0001889437670951,0.0071705815911041,0.071768401619515,0.0751070196663128,0.0087996162585028,0.0565083725372771,0.0027079650630024,0.093698731948924,5.888217068054109e-05,0.006652420884153,0.0042353081743106,0.0093570115835194,0.0127842182558837,0.0023318268868943,0.0384854962900821,0.0999180177246158,0.0168422214765414,0.0171536309644606,0.0125979470711064,0.0136651464608477,0.0026759427430749,0.0019631075969119,0.0114933293186771,0.0073134061961577,0.0136414332355553,0.0066564378717224,0.0315858363132567,0.029178401932984,0.002632613493497,0.002954188925883,1.964501000216272e-05,0.0066739113648359,0.0060762777536753,0.0182559753467286,0.0238444624758062,0.0006116240599914,0.0014277602933476,0.0417280468417744,0.0109826721871768,0.0344784349350359,0.0659607438293049,0.056302825030448,0.0137613168466092,0.0048574726873876,0.0468399643650247,0.0580187022066765,0.0007558350979182,5.352517918703805e-05,0.013360706874523,0.0041769444684114,0.01950550665502,0.0192321084926528,0.0022776336723756,0.0009778060572533,0.0062494478037647,0.0218975921121148,0.0037580675143718,0.0208122101788736,0.0148744296541732,0.0218514693767881,0.0002652278236288,0.0156063111681417,0.0061867580421736,0.0152537772689446,0.0535401850609301,0.0058351985188319,0.0452020014991933,0.0352552793741378,0.036642735845258,0.0088406078537737,0.0600248149696002,0.0032913489619889,0.0011915186657091,0.0159404124876624,0.0041071269112195,0.003976501682787,0.0824378656657101,0.0226700126123616,0.0541967508598378,0.0024295903104912,0.0387752081488856,0.0016290560100343,0.0097583189463838,0.0099526884154278,0.0105748797054846,0.0019008197845972,0.0381214327884717,0.0142776877992094,0.0291294767264911,0.0256088723608262,0.0692170057916678,0.0043556534881911,0.006265622702152,0.0167586742774042,0.0029290340312997,0.0405390291540283,0.0123109151833047,0.0040591085868003,0.0035522304908401,0.0141836365544868,0.0147279601195601,0.0053761592157751,0.0008547638874746,0.0088176104805096,0.0101482465338279,0.0062073892558002,0.0029788818956779,0.0196665629944505,0.003324752892213,0.0068728980031584,0.009051115457044,0.0254104918031885,0.0085888438144287,0.1041613906557835,0.0010771847508359,0.0046456612950009,0.0307631650220681,0.0167196606521053,0.0096158530059978,0.0154872249892215,0.0004126944157633,0.0665921120597468,0.0364385182090298,0.0048258852274123,0.0042511637028738,0.0779595067299592,0.0406607574613702,0.0211189302047962,0.0052870822230832,0.067021872907569,0.0116083838406017,0.0006420995780146,0.0168107648657151,0.0203155907751371,0.028427011128441,0.0158876171099185,0.0223794330737164,0.0061641861482459,0.0092364257055041,0.0008247357538404,0.0497878678213342,0.0231560966532751,0.0003190779862006,0.0040238354276886,0.0059671655433691,0.0039059592288943,0.0028032849857441,0.0155254424967659,0.0831120920452975,0.0029158046204992,0.0014254000824126,0.0655150869681474,0.0128249234705758,0.0603579489244881,0.023407223629466,0.0066790892155403,0.0105055778406617,0.0023000527336795,0.0006847422336057,0.030686883399622,0.0284355556832844,0.0140588703618949,0.0133614356831177,0.0061241911806058,0.0047249545768339,0.001381359178339,0.0801668069416058,0.0641767946542352,0.0663653144827911,0.0067911069809231,0.0052822902953454,0.0820569771886227,0.0039747352419085,0.0049473860133971,0.0025451684347894,0.0318218009133207,0.026089389063888,0.0138346128393925,0.0031967910251557,0.0303431654056235,0.0643565590088667,0.0071974799131613,0.0319972642229622,0.0047123753567633,0.0008007295377764,0.0713998304683352,0.043268409292433,0.0121087522094816,0.0001185450117097,0.0019339860220502,0.0047642522967634,0.0099606923862893,0.0177959922279312,0.0364405633386939,0.0073244635194029,0.0115829028372596,0.0002227771113867,0.1604785777718818,0.0183015857133185,0.0596885237649191,0.0235987742253102,0.0008014887345152,0.0371181124646963,0.0322795720526349,0.0089173895723061,0.033835418555221,0.0065994230233808,0.0518064297887481,0.0024119088735548,0.0039073889690914,0.0128649443229751,0.0291761619577687,0.0953067455536776,0.0133171437114074,0.0697673799465789,0.0073554074707166,0.1818361478488454,0.0187931875872618,0.003557772711523,0.0015157056197423,0.0169295749877762,0.0346265224330312,0.0109254670594237,0.0184546854533775,0.0024782273560702,0.0009675804033016,0.0062641970938179,0.0028379672305623,0.0181635784856502,0.0040423140070341,0.0218499881979925,0.0286891247968539,0.1417407987814543,0.001504516368884,0.0273205512549372,0.0031927773932083,0.0259096782027483,0.0109850705396633,0.0044853408887835,0.0022989317317973,0.0026806611002196,0.015528934061716,0.0034174945351395,0.0654684504572362,0.0007509455693568,0.0382966281363139,0.0083705160182833,0.0077031290906964,0.0157591219781932,0.0012422617974931,0.0976623025783629,0.0276259150087201,0.0032310798282796,0.0199560732279746,0.0314306378085509,0.0027671766338288,0.1092881169374698,0.0012304835903408,0.0129107214882633,0.0169194922610391,0.0026335552030797,0.0060496117420864,0.0090727053181924,0.0014318372147738,0.1006722076084953,0.0259941397643454,0.0036318683109693,0.0085784325025978,0.016607544412404,0.0360870490043859,0.0001801021397714,0.0252782616849138,0.0023760538394016,0.0253808381122408,0.0381755440833993,0.0104577718133906,0.0234203356035991,0.0059492773473525
g6,0.0074639069943516,0.002309668483796,0.0021581666520287,0.0178428185876767,0.073037950542736,0.0333286750289414,0.0133296463459072,0.0059402802099961,0.0710516044925107,0.0006450453231752,0.0103654439196598,0.0038650228290888,0.0134334433647882,0.0009958350974935,0.010103421240058,0.0432813497487134,0.0283649583347106,0.0013204996171907,0.1001659026049174,0.0170138520377638,0.0026098643889706,0.0511540356591489,0.030781488583991,0.069698239144789,0.0081617837833264,0.0022538159203996,0.0034037902092398,0.0155966082957074,0.0194733216254832,0.0054140013695107,0.0049920826903392,0.0225729990711592,5.2484152661525126e-05,0.0141450369171121,0.0115876314731689,0.0008147004236581,0.0117738744422164,0.0288289429133226,0.0022905808369498,0.0002600864768787,0.0094275991426774,0.0025641547376794,0.0116189315200898,0.0023366543348538,0.039395560833246,0.0087594513576879,0.0056820546296974,0.0641163160989865,0.0270814055068475,0.0147681657496287,0.0039786426871121,0.0362312073838205,0.0120086148830352,0.1498330273738754,0.013845759493366,0.1063834265646579,0.0047646584587018,0.0133457048256631,0.0383522553143097,0.063002391076078,0.0002261368415006,0.055047825285621,0.0054120577513085,0.0006716099002092,0.0068303113350035,0.0032314845430031,0.0558697613792097,0.0369109178919208,0.0058749428466946,0.0026662150333614,0.0103633170805482,0.0014940690454868,0.0565949967376283,0.0048817982981824,0.0164159238996368,0.091281627885681,0.0072748167189007,0.002143178315667,0.0767362315526522,0.0417794061695347,0.001199567015995,1.6746387069083266e-05,0.0089207354569284,0.0012127862346308,0.0027112177106453,0.0642174943668908,0.0189170369938217,0.0065489811720166,0.1554057556829404,0.0353416498288266,0.0045660756253556,0.0006414836637451,0.0531349836931829,0.0056334841624897,0.014548177430343,0.0001159991149492,0.0037294765087531,0.0027633877528912,0.020198307974718,0.0077527887781734,0.0536172568849518,0.005537056115432,0.0059396160009392,0.0032732820630873,0.022883182546337,0.0099487754590566,0.0455399214462184,0.0181648736143474,0.0148256695755616,0.004990685126624,0.0004839498944024,0.0175220322492539,0.0113765988638877,0.0026430494915246,0.0146047410519717,0.0029641868192048,0.0052596444739488,0.0233842901786038,0.0084834665318488,0.0443342612620729,0.0021073886201365,7.205887603937977e-07,0.0141125787921632,0.0158461624046169,0.017161275879969,0.0012342922520106,0.0252310720510762,0.0020487704350158,0.0291580883202971,0.0048073743996321,0.0787674565118804,0.0232480783711151,0.0239053973171037,0.01,0.0089176607022838,0.0002554817350907,0.0015977867280047,0.0444038831834307,0.0235499525391781,0.0024340852561532,0.0003262538376703,0.0019316930018741,0.0027641347511405,0.0054677610277996,0.0613118807540934,0.0208439506432254,0.0068499275003702,0.0050678714271988,0.0113515768608151,0.0004500730336357,0.0207719664950795,0.0270431451631014,0.0234117201045593,0.032885619407061,0.0084020882945583,0.0019227129713508,0.0117697426743996,0.0526796863055398,0.0037997101399958,0.0513998717925533,0.0096401498492135,0.0799830332322041,0.002244222221475,0.0030138869366801,0.0072193043962772,0.0935794249634429,0.0020395082308012,0.0285358614712612,0.0161642590219323,0.0458112244790869,0.0016012936747856,0.0296967082766438,0.0135434884386254,0.0880502734284251,0.0070678335188533,0.0319076251918854,0.0621547014327659,0.0144263267824393,0.0448496898361535,0.0489555978039861,0.0121913058977907,0.0070235090724506,0.0002123130033822,0.0215469547724021,0.0003183142313347,0.017338795984993,0.0661618855114166,0.0032418663796941,0.0572273508125896,0.1120351382887604,0.0251825949837804,0.0044819534893959,0.0093521418462632,0.0511790385881878,0.0019362048565622,0.0003417286616286,0.0195241565629792,0.0340886672669224,0.0593759882051038,0.0079234599382443,0.0086804287091659,0.0294412287923035,0.0284615483649185,0.0088795604479217,0.0251006538345,0.0044531280793296,0.0025745185497997,0.0240104670783447,0.0049973680401127,4.588245313889676e-05,0.0094291116348746,0.0265417984260478,0.0052454486774658,0.0033389162365915,0.0202601480421619,0.0210846995012013,0.0015555899978183,0.0996246982985528,0.0050811155064408,0.0043956350291224,0.0431372671586957,0.0820921176648253,0.0050185955674267,0.0362482642959868,0.0253160633244803,0.0951703477806852,0.0135266282716852,0.0739309698200422,0.0007427964561855,0.0089727261850425,0.016622509793976,0.0380451578456979,0.0396798277059371,0.0026662683187259,0.0482137232060967,0.014035025121585,0.0472977739897415,0.0037099542952672,0.020888086300016,0.1996738614506418,0.0262182424676533,0.058362177824243,0.0390047086394566,0.0057248332947727,0.0439343225317387,0.0213538391231026,0.055744217069989,0.0028858306396779,0.0069163075303792,0.0767894778140034,0.0326297479787962,0.0088735060333453,0.0352604888136487,0.0161822938552281,0.034264099743164,0.0023581343716047,0.0076739307900379,0.0012119760750649,0.0253713672144534,0.006263956015541,0.0067356839423294,0.0233847290261759,0.0094926533512579,0.0023832560702439,0.0205273981954696,0.0080856392225443,0.018930798578753,0.004895529929211,0.009619893538212,0.0053121666292414,0.0371758352711667,0.0041484854491658,0.0259691974324026,0.0263115217173908,0.0050125064636212,0.0049895595405035,0.0392405208867846,0.013565334192107,0.0020668840238182,0.0816478189861692,0.0004404739150526,0.0052551060106286,0.0368090808711945,0.0102941275494935,0.0061063989020302,0.0170851867481335,0.0112337144326907,0.000415281436092,0.0005983845196215,0.0024658134666085,0.005819635306448,0.0007185659616125,0.0011382607714645,0.0095338646801675,0.0058830129398332,0.0170728549171823,0.0163738008303557,0.0219062804023707,0.0506150059030092,0.0177649979261545,0.0095611438325142,0.1193889615635556,0.0016590027480912,0.0318557107440181,0.003504994562404,0.0011833922040977,0.0042562328084226,0.0357405563659853,0.0178507009160699,0.0025986111832538,0.0864138079500285,0.0194950502807554,0.0094373354641125,0.0101282378283244,0.0158031518135444,0.0020546097071899,0.0064694007223133,0.0115363907532306,0.0065506204843682,0.0226997559074122,0.0003527087662127,0.0041069693723911,0.0081556850721835,0.0394719883261046,0.0603932197155946,0.0393540704569221,0.0037795206586127,0.0153560360340505,0.0002487761409081,0.002069707206975,0.0318122221945949,0.0543423173902839,0.0091980655264298,0.0994772680179182,0.0090389918258964,0.0071981082097105,0.0333761203364341,0.0049673015384452,0.0035820806002177,0.0089860381891292,0.0032148030196824,0.0109810496997991,0.0167672995615131,0.0049900009639035,0.0265395728114028,0.0375249109610173,0.0309469464814448,0.007698934494328,0.0001942081671335,0.0014553962941218,0.1215362160071309,0.0191330752410891,0.0164091140078775,0.0069344416436799,0.0223016448084345,0.0276223581965674,0.0012402649779798,0.0050328674217673,0.0020608277611326,0.018575736463409,0.0033973338533113,0.0040878647373626,0.0046257966138033,0.003606731903617,0.0134752553146349,0.0251234047895277,0.0043891121741313,0.0197545087568684,0.0568303279666916,0.017818837642107,0.0009176122157326,0.0156482572974438,0.003442264459974,0.056836663770803,0.0718160661267219,0.0367557554373229,0.0280683125845185,0.0105097229963546,0.1875801427219618,0.0217063323291073,0.0117911227038723,0.0311645624208446,0.0019465098155567,0.0080821004430121,0.0161321721172036,0.0059474113317875,0.0128783068066081,0.0638866044784675,0.0924510210928373,0.0043687445490066,0.0095101800280301,0.0045714984217291,0.0094005709301993,0.0080058992405503,0.0024151379819206,0.0993572533746675,8.192713419025253e-05,0.0069368541839153,0.004666290365514,0.0447992281881041,0.0024602646368734,0.0101873917378201,0.0118378068804091,0.0259437319675524,0.0030568591734511,0.0092017377016358,0.0039688792726693,0.0779802182260003,5.128275282744387e-05,0.0137137372782005,0.0126306205286088,0.0050107760128131,0.0094078229725537,3.08758225031667e-05,0.0120306483829021,0.0026642456362047,0.0390492858451898,0.0443612074773074,0.0658011503408189,0.0096314803268787,0.0016223168329225,0.0293398355389764,0.2127561952369278,0.0540370097543118,0.005502421027688,0.0026214147634332,0.0223296874686258,0.0018828496265822,0.0008328439413853,0.05711159045785,0.0137652537397367,0.0009375823799632,0.0047912139546491,0.0073935125299987,0.0104815349953996,0.0144484214843577,0.0070312776084418,0.0102354555894902,0.0332515659660094,0.0333885333075805,0.0149092186459908,0.0100016240422466,0.0005179159420088,0.008159835137494,0.0144084069004221,0.0239981602781605,0.037161186019087,0.0167264070497349,0.0075719640714021,0.0083042589148146,0.0039056168632935,0.0060702647655799,0.0035933399184884,0.0034813860877953,0.0303081469204108,0.0279831668784123,0.0025166833226839,0.0150567339387017,0.0201496843722135,0.0033046134034035,0.006722423954439,0.0030837139657889,0.0176266144602908,0.020609467756107,0.0096887439374798,0.0491762696160752,0.0724690928526024,0.0050234871137115,0.0030406335869403,0.0269203742855017,0.0092197789934143,0.0054283054049192,0.0142218896122335,0.0018892397656547,0.0161061204410365,0.0003021614969772,0.0014374415076287,0.0118064676085416,0.002839968831989,0.0268987973992906,0.0482667329732744,0.0007594691926328,0.0034633355876992,0.0096926303575957,0.0015782671765307,0.0019011556342401,0.0961733828564389,0.0181105291892827,0.0103532718506482,0.0442044766993876,0.0295969186337963,0.0076641304436065,6.870944844196078e-05,0.0157462517954563,0.0167375203630596,0.0182021319326523,0.037081118016318,0.0060484710651746,0.017946258333119,0.0270597982267841,0.0600679004362838,0.0063721872064573,0.01526794960009,0.0438852052650865,0.0046026899772121,0.0291379746128588,0.021149714328629,0.0593930014208733,0.0254771540559271,0.0147572424671832,0.023266987418319,0.0398821898021595,0.0023405553602334,0.008089204015927,0.0612270672563768,0.0304817642266932,0.0189773454631041,0.0005556929892379,0.0004434399396329,0.0337457233988436,0.0013855324282988,0.0059168038465097,0.0088725021804425,0.0210284923842527,0.022962268034815,0.0292442526303349,0.0121189994552144,0.0401685960119998,0.0771513144407341,0.0196887716810458,0.0051080866481093,0.0103124688079042,0.0045256223745258,0.0281416143991998,0.0169114515010843,0.0283880290667543,0.013687841467478,0.0023871664587331,0.0080118919153386,0.0110513094860928,0.0069067527365642,0.0010354882578574,0.0483368596991665,0.0323240736899769,0.1114537310896791,0.0071508791385378,0.0130906811821942,0.0031550795355275,0.0033800712004395,0.0129829922313657,0.0067178319909966,0.0390044918464453,0.0084063763668246,0.0220243381483042,0.0085514311107157,0.0044545371948357,0.0113348702438722,0.000297587539379,0.0206596482473435,0.0014963158735307,0.0021025755166607,0.0726583642414427,0.0480376169946548,0.0250560812727884,0.0011314094520456,0.0142183647466636,0.0038409499583762,0.0138250396295113,0.0037289365353157,0.0786731810057259,0.0242182553088217,0.0789185126090945,0.0659234532428466,0.1634726643677352,0.0319973068454437,0.0290428137234724,0.000452055892855,0.0069296993075593,0.0467925607766476,0.0015998810391033,0.0085425828238676,0.0379669402635024,0.0451427602920486,0.0012347883198468,0.022692579639619,0.0350104791563883,0.0025157401016984,0.0198303373932525,0.0816366613315602,0.0015515821340213,0.0114449333104102,0.001442468660637,0.0060888132312013,0.0013172048960872,0.0389702562991816,0.0177436534100823,0.004785067074799,0.0914013681795868,0.0094104759118932,0.0025533595546726,0.022539690881513,0.0019439752001646,0.0102786894439624,0.2256275956396184,0.0131605475854421,0.0010681815106031,0.0711496429368204,0.01165820295452,0.0047642819639008,0.0111056324053935,0.0059712714930135,0.0218633639130293,0.0100198254417605,0.05233597643215,0.2114314827128506,0.0160958566265379,0.0065758898071245,0.0201862397223532,0.0035064153127247,0.0003597764268584,0.0034788027320402,0.0120749123900231,0.0124682026849634,0.0048272518923997,0.0060422737675492,0.0061019026809639,0.0414794948818576,0.0037136494208599,0.0142498709454618,0.0288804665723365,0.0093036737401643,0.0127678553238234,0.0322373643301436,0.1496161716270178,0.0026547583842227,0.0018142105851062,0.0603279724080007,0.1120786197624762,0.039878454952291,0.0153842334131669,0.00211310843111,0.0112461827787486,0.0058933687604076,0.0020118479664975,0.0010230943415901,0.0042956478359748,0.0420713599223015,0.029653525380529,4.248030318867152e-06,0.0129546839447423,0.0003336066209005,0.0046029638647375,0.0877098482775158,0.099446718870261,0.0532678909365274,0.0005628159015147,0.0250927961219257,0.0329615363916674,0.0003923348068836,0.0038500364825966,0.0035791238257261,0.0512460551664307,0.0027807837106791,0.0197235636221278,0.0072943984634022,0.0561496841266592,0.0117566417888198,0.0131569524192472,0.0001637999176367,0.0096301891103564,0.0074788630500509,0.0195622414503494,0.0104962967994066,0.0078524550669113,0.0046503094127464,0.005529303973727,0.0042652054233341,0.0250755276293894,0.0138138375410358,0.0767304807685641,0.01560333466374,0.0098615525736277,0.0142618343309507,0.020211274179154,0.0102293127400444,0.004084468310175,0.008171965716645,0.0061257822763934,0.0709438213498911,0.0052644828081217,0.0128221799022363,0.0063460231630434,0.0544733935634171,0.047177040301946,0.0029516358123242,0.0352541462388949,0.0077093152914035,0.0113524192140444,0.0184780244993331,0.0063252127425638,0.0176009111946937,0.0095702538007193,0.0385290977531634,0.0450362924995317,0.0044727121660319,0.0284815651642866,0.0202304523621227,0.0350140593947802,0.0567775853691447,0.020315737662305,0.0068345342345941,0.0185681558257993,0.1176920985382707,0.0243190135984711,0.0164330256260978,0.0110127766137689,0.0021345980190206,0.0033905034523154,0.03023242847913,0.0012596804078118,0.0242887872238104,0.0169967115030117,0.0091572127772819,0.0011553830472071,0.0114274889440169,0.0201773318687292,0.0225270946448018,0.0040412452281513,0.0139420023672281,0.0004304388036148,0.0001950252991025,0.0204475338865684,0.0062034575586427,0.0237521952995962,0.0011604990130057,0.0063647700586962,0.0089285678929369,0.0123853082913522,0.0005850385646197,0.0162484631533433,0.0022241413267128,0.005546865245016,0.0116587208338691,0.0073483098067311,0.000987277031209,0.0638033169130421,0.0002326598969645,0.0175521005366876,0.0237986979830898,0.0197488975622643,0.000830971220193,0.0353693894573609,0.1132282470700817,0.005487870217891,0.0744376245801095,0.0010318655910599,0.0025627711665617,0.0005962062653625,0.0178959001318661,0.0188200758822203,0.0329744899319965,0.012491255741178,0.0119945220490467,0.0136622751178246,0.0091578399834854,0.006806979209955,0.0006183850155165,0.0002730927266747,0.1342807800192453,0.0361026103966517,0.0034423121434326,0.0047926014802718,0.0225223689989787,0.0051171745551401,0.0344021623744119,0.0238809838850772,0.0098186451595517,0.020483462380016,0.0348902312446491,0.0003105010372706,0.0096150857695233,0.0012797146410185,0.0229507128618702,0.1240217893790891,0.0071579773810218,0.0028916328269315,0.1186870747485785,0.0130863282943731,0.0277636772543278,0.0228156319123397,0.0136757290151649,0.0146579449991545,0.0042225727200921,0.0025612623031332,0.088656969060057,0.0050968211195002,0.0046134846469753,0.0014868529263413,0.0018424317834905,0.0025045639172843,0.0003583669870744,0.0705381076092024,0.0021188428925016,0.0568045462514369,0.0495195121826199,0.0317156650382551,0.0065829901735541,0.0171206128132892,0.0037408652857758,0.0219264328880362,0.0212821880932817,0.0001845829956407,0.0223910173001219,0.0074979562070315,0.0027394172606336,0.052112116502886,0.0242556198792964,0.0147241457130418,0.010295499890989,0.0142239110689828,0.00061941578945,0.0357639240092453,0.006712171852677,0.0646748203992577,0.0500376774352166,0.0011184628859693,0.027090569975032,0.000665357875955,0.0462213239971232,0.058317021112659,0.000944806704984,0.0002406598669306,0.0146146639426769,0.0220322846285009,0.0136459657018362,0.001764730377766,0.0221968921015789,0.0290896207225094,0.0114531936606838,0.0046152480699733,0.0016877871925123,0.0078472761099704,0.0045854757738597,0.0007294660224415,0.0349051781919247,0.0248845126871013,0.0019684362468027,0.0076298371020416,0.0103241581428402,0.0445499065621111,0.0219493992703204,0.0048253086402158,0.0078442560018027,0.0067132393842366,0.0308263538768338,0.0366183384245955,0.0317744489379648,0.0138350821601223,0.0017395358599008,0.0136256190053812,0.0088897895365428,0.0270760168412254,0.0032574140927688,0.0030250398143244,0.0214315095212925,0.005120889620975,0.0183237777882965,0.0291743052567285,0.0023580380785059,0.0007905762831711,0.0777694530315084,0.039665329706919,0.0001437935623479,0.0265927234289196,0.0753624735539995,0.0522124975609246,0.0377945808375483,0.0404517796967987,0.0097244678091224,0.0186569808804884,0.1103216598646615,0.00442446369621,0.0520362618382053,0.0178559449489963,0.0023763116218579,0.0827449375373335,0.0318955382295846,0.0043320860383802,0.0067264400909864,0.0031387203362564,0.005427970328978,0.0551531725075517,0.00119474610829,0.0360824403113614,0.0224013002827212,0.0024394675877885,0.0837591791740883,0.0328747618110695,0.0052807674252084,0.0116559280038341,0.0517902028465562,0.0174682822128649,0.0078785627150193,0.0021518796198005,0.0066743269318697,0.0002582583217746,0.0011931246519933,0.0289090802191619,0.0008421772554768,0.0383815158769577,0.0018496037779568,0.0197317978131243,0.0073739696599913,0.0061865045223757,0.0037722170320084,0.0374938997343522,0.0221299651870893,0.0217334979724626,0.0280658808765904,0.0183826684468559,0.0246161014664002,0.0148756359820812,0.00646788847519,0.0541593193392768,0.0008066944387751,0.0094381560677302,0.004217167437744,0.0089968528735446,0.0038919487264815,0.009710324439398,0.0358073467040384,0.0007579685709534,0.0084225173880648,0.0014284418468349,0.1190180928678315,0.0390478299042882,0.0011186107090061,0.0016185345182635,0.0416884632278817,0.0091047567534299,0.0144416155600571,0.0027480401691718,0.0172017494001718,0.0055784872000183,0.0384080675097951,0.0252863996853774,0.008749887165601,0.0002141108263239,0.0192014132095502,0.0057012343004971,0.0099120330863105,0.0022707920740148,0.0189078981906321,0.0215456730826548,0.047630356738025,0.035981246308119,0.0960275925424684,0.0243328696328866,0.0132399590817883,0.0112934527137992,0.0026908621277239,0.0150658992363608,0.0235637188567272,0.0047342862591312,0.0021185280924533,0.0168312750584554,0.0378360923808012,0.0699203747587061,0.0019556819246129,0.0983085035686578,0.0028746000243623,0.0023058648510434,0.0001604050878013,0.0020913747817,0.0439951162136469,0.008807306498034,0.0257215600958706,0.0078847979398398,0.0124339132736226,0.01,0.0182769729621751,0.0151216684334331,0.0568420272646804,0.0366291848980264,0.0218610273175633,0.0045391630643845,0.0534829009419721,0.0061223935756512,0.0012411072759922,0.0173463212127305,0.0199965175501927,0.0070467804884134,0.0837967003858826,0.05028141641723,0.050851332732759,0.000488640841341,0.0633444112177103,0.0004999720336987,0.0117370065788465,0.0170752408383315
g7,0.0035429841572355,0.0168460385687567,0.0018335786055504,0.0080699640338998,0.0052093981846588,0.0001058471378746,0.0681055111234428,0.0258094489603022,0.0285010421990791,0.0606825649694933,0.033159398919673,0.000923415100133,0.001382962296933,0.0102183598608389,0.0079603639149908,0.0224527042899594,0.031642677364167,0.0248109352456845,0.0798539854565851,0.00504472618756,0.0679603132859446,0.0337106095583748,0.0092315784846666,0.0019108935849421,0.0080022777631265,0.0023867548998271,0.0388989080076325,0.1021286237091978,0.0009794672533433,0.0036199125150966,0.0008542510830712,0.0413238074407426,0.0026935743466207,0.0145136196023832,0.0072037313094736,0.0137423347355967,0.0382024239315094,0.0203177459806771,0.0082620570420089,0.0026491969797942,0.010696797553129,0.0195697711253763,0.0228665899690489,0.034124686721164,0.0046515477903514,0.029418252511809,8.80755221156597e-05,0.0074018512027967,0.0201919951807393,0.0019517991645866,0.0114199275001929,0.0020375652255246,0.0111677986094679,0.004136844002612,0.0241628765384729,0.0003339555423394,0.0017333264090325,0.0007736296658303,0.0202766119192171,0.0351199779234315,0.0023672278950396,0.0103865547649506,0.0072738562864812,0.0054406639451258,0.0063464204453874,0.0016107363848094,0.086144368921012,0.0155129310194365,0.0941999625988648,0.1427803058709332,0.0003215525002514,0.0526549666917339,0.0240336515327882,0.0444062819915125,0.01405722270435,0.0211622101107816,0.0033708759408108,0.0185512569929299,0.0035976351969259,0.0468101438655391,0.0579380519913695,0.009183748477864,0.0176976626268481,0.0006823830889609,0.006597499543644,0.0290516416600766,0.0143452142351969,0.0056791936703916,0.0011556068857196,0.0073350603631111,0.0152614697409682,0.0095256776356162,0.0216757725069368,0.0015020236928527,0.0034387557812086,0.0048738581962849,0.000854113497994,0.0104369486931908,0.0013569525928421,0.0543638823834642,0.0421443951266935,0.0699492722708963,0.018129452869282,0.0335768551652196,0.0053617877782957,0.0015716690344614,0.0183727495354807,0.0365476161089864,0.0029128151960594,0.0215430509450704,0.0062568770403989,0.0091813847900159,0.0044662028009955,0.0104338487754141,0.0118540974218053,0.0009846307238024,0.0279634918843528,0.0077674490159225,0.0018217185254066,0.0168029721869786,0.0077022241347363,0.0735680753980937,0.0334848117337964,0.0186593726099305,0.0045588175570215,0.0063654059885634,0.0012837341736615,0.0018690311422448,0.0083289579190567,0.003520437556782,0.2069297460387861,0.0112988678688148,0.0332340563462,0.0134090986185664,0.0373623255773071,0.001593907972654,0.0016474874044176,0.0072959050845386,0.0864061708212611,0.0047850790644281,0.0269617235683441,0.0010461453387792,0.002683958360728,0.0106041615702297,0.000929496475876,0.015687606234584,0.001057249642969,0.0003306317722045,0.0066306238567337,1.6844561811897585e-05,0.009686069816276,0.0099315688528832,0.0223531701849535,0.0199194660533231,0.043170758594461,0.0161027418205994,0.0164138691417996,0.0019992702539415,0.0207856710958969,0.0332067506861065,0.0073612914211127,0.0060159920869252,0.0011455730007126,0.0011910773114865,0.0040786441998335,0.0058628481620055,0.0103478851388001,0.0504409159713972,0.0123720258654556,0.0410140970778286,0.0391609451597866,0.0121162857949845,0.0156632388694915,0.0692985663570115,0.0196558841495502,0.018984614860984,0.0004059796390201,0.0033993635741812,0.0034389940484574,0.0128974683672787,0.0410419941773233,0.0115637363600897,0.0004008316995276,0.0251663949497554,0.0276546004803241,0.0211233863734199,0.0769187198520984,0.005027671196253,0.0036767434061203,0.0387370450943335,0.0329445389680226,0.0056452089947049,0.0170528202018344,0.0023197563911826,0.0463446605872951,0.0055679382312632,0.0019733248458877,0.011765508343278,0.0082884723182073,0.0186063012464655,0.0160385283168791,0.0049272123107827,0.0435271409881264,0.020480291875987,0.0001216443136244,0.0005753352486892,0.0426265381870814,0.0316777745500056,0.0715891506786606,0.0061178191606718,0.0148029405143763,0.001915357897605,0.0038860824076399,0.0052425965181084,0.0331198770952688,0.0573426475453585,0.0052247065802322,0.0007798683131685,0.0270929626373612,0.0090486462522417,0.0061349063329044,0.0368275106263726,0.0056370673173936,0.0006471826037721,0.002148294966449,0.0049726252473445,0.0105899541305056,0.0147660969897802,0.0109522634920174,0.0282520271136827,0.0250389197321001,0.0198599721983453,0.0105101510530946,0.0063645912960317,4.178874191781978e-06,0.0411041721773893,0.080091807099092,0.015216826700474,0.0007994618791644,0.0001416382797637,0.010986500814339,0.0357333621768884,0.0279894724364088,9.739896111748384e-05,0.0394199520263972,0.0509135316974531,0.0374482905353818,0.0132069983200208,0.0041806386312653,0.0026873589252229,0.0506732680383885,0.0001057315771961,0.0286586408487369,0.0485623871088156,0.001312994336072,0.0635735598242898,0.0217465614707504,0.0271796239115354,0.0034151079670445,0.034444357658029,0.0005922601087895,0.0150653472311393,0.0439662666719499,0.0238092990602932,0.1082557616834137,0.0017629420094091,0.0111845512768926,0.0101585215250912,6.927406108149167e-07,0.0079741109769651,0.0111986758236389,0.0415890887388599,0.0105933249485351,0.0291851005847267,0.0540436629432847,0.037521109096967,0.007272830155442,0.0074923604524466,0.00277255377145,0.0290578356216801,0.0057776421699463,0.0046411546013785,0.0097112385659439,0.0003262565677789,0.0006947780791207,0.0776052868121216,0.0106036853379375,0.003508125389235,0.0157047591933464,0.040747241549794,0.0565192611038536,0.0070551006162049,0.0323465550167204,8.014481383184988e-05,0.0318040302322503,0.0007853734723286,0.0026998710693858,0.0376801294240287,0.0494462475306475,0.0292136957203552,0.118423223205204,0.0025426816423827,0.0223131149440819,0.0027440991275167,0.0469642648238268,0.0273958694188743,0.0054520206549051,0.0028967960755242,0.0220492940147592,0.007796818476085,0.0122337511445164,0.05599288796055,0.0002439120275059,0.0115046552047415,0.004512730944142,0.0007763677282997,0.0091784877573214,0.0321815502579067,0.0092205700333644,0.0521776694437226,0.0002006279630774,0.031160440222182,0.0195775029050241,0.0142657325272751,0.0225282578054716,0.0116575100072936,0.0390708305567569,0.0101469278884834,0.0168489451411469,0.0117033857162636,0.0196692764757172,0.0120430883804096,0.0129015216358032,0.0289540492318717,0.0100039435921606,0.0119339831672969,0.0444700106850254,0.0358976825170975,0.0205724843850645,0.0077635492808322,0.0742837424066779,0.0768640994048991,0.0219456486086933,0.0122425139783808,0.045513235875956,0.0480561565702251,0.022114918601087,0.0168664178457816,0.0047502175671119,0.0031357306240616,0.0011610693342765,0.0047550822623238,0.0082531366521962,0.0081707824564338,0.0107298511698171,0.0074753537573818,0.0281593920678484,0.0067632007880363,0.0012131737037847,0.043702508828886,0.0028929911688432,0.0054554591107286,0.0098240360998519,0.0673364822574872,0.028216547768082,0.0101456458719557,0.0013862535318297,0.0701865372793608,0.0170753057046869,0.0212601724469962,0.006854253874772,0.0702954036874067,0.0128492864772553,0.0022858161453303,0.0311536031151071,0.0507335636448767,0.0015885573825569,0.0014784984111366,0.0633292951694616,0.0335819611594453,0.013207645806603,0.0094835191510533,0.0311200918286598,0.0567771759200735,0.045964974766672,0.0853842075351476,0.0720863840603646,0.0344360761458208,0.0010722547321473,0.0219546805761568,0.0037113382280687,0.0008790788338493,0.0279399558018792,0.0062004502148546,0.0098685542901452,0.0153512008102547,0.0020122003635801,0.0373476679434754,0.0221193863499718,0.0556675482152128,0.0450439408790964,0.0083245963516162,0.0008952690889141,0.0288476677530529,0.0371932439341487,0.0053319432715284,0.0381909791434756,0.0122572265164829,0.1563747090457534,0.0107831043018564,0.0286104735042967,0.1196752484299473,0.0101881209753198,0.0004540869689889,0.0226361503924081,0.0709018524814663,0.0021990129913006,0.0002755391277437,0.0256900195003813,0.0161714418860106,0.0355767748195017,0.0527500110286925,0.0001059856894805,0.0011512282413303,0.0082620361937654,0.0021994361130673,0.0143191145088945,0.0505997501994436,0.0201147660683894,0.0035809124230566,0.0669590900661345,0.0032490869102082,0.0233934077737464,0.0009588327089286,0.0065649162268044,0.0048950410280707,0.0389542499143172,0.0252844324288715,0.0101812379657658,0.0050767038653678,0.0072102934779242,0.0020144365704052,0.0019708475244176,0.0017691917511812,0.0093411385742836,0.0029689800129387,0.0113612314402004,0.0002395846915597,0.0089985509221549,0.0132553632752866,0.0085392893092974,0.0048924547557863,0.0372327980727502,0.0423052442629336,0.0111300945520306,0.0029678529271183,0.0017047422686938,0.0280909076354224,0.0171352313092725,0.0378895933040217,0.0178738753557378,0.0053874027195106,0.0078710838426108,0.009010471730676,0.0237525763924389,0.0042359162138938,0.0095056880928112,0.0008885909193371,0.0174023752759852,0.0284115061631349,0.020048180925293,0.000675271367814,0.0277373799515824,0.0676071588104348,0.0149675722716788,0.0075842622404388,0.0330378565697747,0.0344159100079648,0.0571596029453365,0.0022687603291417,0.0013938656562567,6.196347553406607e-05,0.0132678564451228,0.036530471658139,0.0215641515883412,0.0010272121266712,0.0951360797962815,0.004954874171242,0.0068228202976577,0.0184383056054218,0.0858120917646877,0.0337578932959165,0.0020504271712032,0.003694064343543,0.0053109716744194,0.0012865667821608,0.000202521675574,0.0062724836510406,0.0130655789333339,0.0197494710057222,0.0007726892092522,0.0214244529723062,0.0041222161280913,0.0006966054009093,0.0273400670253516,0.0091190338384533,0.056250996939432,0.0026017322925065,0.0066675467650768,5.7223105346738295e-05,0.003874214049034,0.0265911819127924,0.0169059136446529,0.0163127148817261,0.0654218504568509,0.0002965468006558,0.0043889727691504,0.0116531615540234,0.0206248571684452,0.0066938777473492,0.0045823601715612,0.0598782078899406,0.008919323968231,0.0175857509815308,0.0015118970007906,0.0011622497184383,0.0488703626647516,0.0052060181397986,0.0067478314928251,0.0092476849867043,0.0118715429744272,0.0362132403474189,0.0141510852960214,0.0012156184212121,0.0044034821206734,0.0030758940955442,0.0173708672891849,0.0309703968048937,0.0102532431202348,0.0049624119618778,0.0529064157825913,0.0037547179291011,0.0158464807890988,0.0803492686820466,0.0003112869266702,0.0063482666768991,0.0294370527002553,0.0474888376519968,0.0074644337777816,0.116280070777492,0.00924991405247,0.0353759933870516,0.0770165630827414,0.0769460525026893,0.0070102173350846,0.013385492284606,0.0050912462984235,0.0083848372610775,0.0337641852794519,0.0095687109462013,0.0023002578857043,0.0102764051538389,0.0125184366901164,0.0442248716453357,0.020912367985644,0.0005400272299864,0.0110167003002275,0.0244315844867874,0.0055372433142053,0.022396504522251,0.0670652268149813,0.0041744263065691,0.0038425483295593,0.1433765082352632,0.0039203415362749,0.0017286875788098,0.0109300029824229,0.0274813004046976,0.0241294707970002,0.0264953933693919,0.06018200614809,0.0234494915616332,0.0283932412581528,0.0379229670817238,0.0206633216766451,0.0707068439006192,0.00010051547881,0.0007418593265607,0.0054422729482511,0.0072790424590412,0.0007709018993702,0.0449798193942156,0.0128713098730598,0.0112100100377148,0.0124887839778582,0.012470551444582,0.0189917983078491,0.0049934551163998,3.283027045837314e-05,0.0076690099992765,0.0075400736489685,0.0360532799541074,0.0008282047536606,0.0252202738666153,0.007257831440046,0.001922428926415,0.068971048890908,0.0174802493447204,0.0234076053509465,0.0223828395467117,0.0005013621087355,0.0458887193262165,0.0237656822812111,0.0050984843975627,0.0097214499063007,0.0001559323383083,0.0058529410145949,0.0178478868729654,0.0241754677928729,0.0082719244170891,0.0037195329056428,0.0056695635333841,0.0091502816810754,0.0166291893561806,0.0260658525785569,0.0017208242444063,0.002203738314723,0.0159420603496475,0.0153275968014292,0.0319795124266594,0.0300855738215573,0.0124549539626804,0.0029704336924507,0.0349553181837174,0.0147258932800138,0.007394286695802,0.0049600015307801,0.0687990610889695,0.0477008445778496,0.0003912311279243,0.0173708931083238,0.0601248071717107,0.0116324015237495,0.0090408200232777,0.0038516061645211,4.429632138809245e-05,0.0083114814928227,0.0085823794120307,0.0951336969926428,0.0002517541764378,0.0025260485690997,0.012409301857986,0.0299805479483117,0.0734290729045416,0.0568904684451534,0.034457899632946,0.020462608788842,0.0573573955562609,0.020302360119184,0.003337639102994,0.0146525177665358,0.0076121545089468,0.01271413306149,0.0078599979509183,0.0186635739800134,0.00723290515182,0.0098748271783738,0.0405063942005982,0.0169528993417217,0.0269390139765126,0.0191029020609398,0.0044385837739293,0.0555946067686256,0.0368754949266078,0.002601638062493,0.005928169124073,0.0083809767734777,0.0240853666729706,0.0877622164100189,0.005547422065941,0.0104014390811924,0.0204874874473752,0.0021460604391482,0.0113184306258199,0.004506941340226,0.0165820302042402,0.0093836197948261,0.0528853812615949,0.0067211702289361,0.0022278685501222,0.14742457464337,0.0025322922902563,0.0040075965335476,0.0124940063463638,0.0738281366465682,0.0268560196626947,0.0092747788390839,0.0083366984928915,0.0210569004164283,0.0395819713061615,0.0006660850428832,0.0305599684027726,0.0070105220055636,0.0035554645251925,0.0345134186293001,0.0061191688875426,0.0032175730968333,0.0022347185972283,0.0086192202938412,0.0247959504375217,0.0132471781513713,0.0245264959799209,0.0066152087902093,0.0027852759372824,0.0207002838806373,0.0082459878115645,0.2275798079032451,0.0193513986928614,0.0088687255633717,0.0007824027017799,0.0146360985234346,0.0007456731893497,0.0037893824568266,0.0067648300232693,0.0959310298480833,0.001789189438831,0.0117246293442631,0.0100176175573083,0.0165656024684798,0.0261696347783653,0.003408825932199,0.0120377099470893,0.0235777875237754,0.028302554680571,0.0174314085908992,0.0091726320562895,0.00406015395685,0.0372842824467498,0.0131514423464305,0.0011632890610704,0.0081322672050875,0.0272962614861553,0.091267919088398,0.0131769989037115,0.0345340817308405,0.0462589441575455,0.0255398954890311,0.0834825597046107,0.0082932826605901,0.0166484846206877,0.005697300969353,0.0062346831296433,0.0299882474162975,0.0133426100211733,0.0122336431387834,0.0124469208540144,0.0334439019037364,0.0133580333420098,0.0084298905008009,0.0047176374727366,0.012885057473774,0.0129748549580436,0.0014991015893717,0.0025934925832595,0.0184331973518631,0.0074770397094071,0.0027690493621167,0.0871611328111955,0.0183706856453853,0.0113977590072038,0.0005105324819391,0.0592563420188857,0.0048893172410643,0.0259377570464095,0.101144789785083,0.0137871942282426,0.0140979291130741,0.0291783960506244,0.0167775156851493,0.001969277212768,0.0038234642288523,0.0011744992061143,0.0054866493530482,0.002805844308245,0.0190479808155825,0.0268000533521782,0.052122120240487,0.0443035624139438,0.0161694590331147,0.0262293293961033,0.013373563075288,0.0042147550427992,0.0110218712499904,0.0195835428551738,0.0049197892154783,0.0039231083238881,0.0252202087212568,0.0117744627140008,0.0104029641702933,0.0121954885415653,0.0122920925107963,0.0138163472652071,0.0441474719443001,0.0654147987160547,0.0087467392263664,0.0018757030467496,0.0013333234605106,0.0470745716801757,0.0157777952924145,0.0109020712000191,0.1432662547631078,0.021969168069867,0.0009377251275912,0.0818326423470219,1.485539056916038e-05,0.012864363766629,0.0018089206381905,0.0074210107659077,0.0151214908055262,0.0002548974584846,0.0590540116895339,0.0029802067471589,0.0005059632724271,0.0001912747841874,0.013194729630061,0.0014276896452804,0.0019464492641611,0.0067546079953112,0.0014724232980277,0.0072424670216414,0.0148031364520522,0.0040167768302301,0.0018283364268576,0.011550827551165,0.0101672765839602,0.0027242926900674,0.0430559368217457,0.010007182073698,0.0151269264317802,0.0013005260437764,0.0016365944314544,0.018253734604131,0.0056577767963611,0.0004339178374202,0.0130732269843696,0.0038396763741082,0.1053668253492708,0.0064023549146918,0.0004349594359242,0.0019749545723568,0.0091931920681725,0.0020642547690471,0.0232730298124078,0.0014225364094135,0.006180876902491,0.0006149329224043,0.0023034854941833,0.0247719184899794,0.0002289672198227,0.002860018547962,0.0219398353429532,0.0346490598027158,0.0525620978468616,0.0384751653617068,0.0297545251678601,0.0080767792085348,0.0212944255269315,0.0029332537628236,0.0083489840752285,0.017230283724423,0.003407173865739,0.0088239957355928,0.0034064886293341,0.011099213204068,0.0081806171429523,0.0110661461051479,0.0095000123797237,0.0019255882154373,0.0014265331261902,5.07843671296521e-05,0.0456999947216993,0.0012511872212432,0.0255309294363786,0.0193531511835495,0.0053018667908483,0.0067983371496783,0.001834278489511,0.0614683411399703,0.0038015513884357,0.0192804879393367,0.013304926651078,0.0024404311450826,0.0073520674803684,0.0188022343967916,0.0007898272566714,7.344817209591699e-05,0.0009752648556792,0.0002355877458784,0.0130917207780331,0.0120388978019664,0.0125733198287369,0.0282362241829774,0.0017053536055061,0.0044509073859112,0.0095764827656311,0.020779663080423,0.0083481227154954,0.0093002568911616,0.0231925479099754,0.0541681615293458,0.0018837863314719,0.003944587288374,0.009305878255776,0.0209389665943232,0.0288548530598921,0.009317158244167,0.010564251936126,0.0001023223227872,0.0008694252246227,0.0066035889353448,0.0802796123394611,0.0150722312165212,0.0006848028344348,0.0001635758168299,0.034669233616986,0.0081821294576895,0.0373137701557181,0.0826129444455888,0.0040959645471348,0.0001373534440216,0.0309050676350551,0.0024910816620911,0.0317566653816503,0.010883946801294,0.0185363481858344,0.0015812201195333,0.00148562797152,0.0274751445199127,0.0134321059492183,0.0285216752718895,0.0014093502577029,0.0589721215330631,0.0028723613305345,0.01494812829294,0.0028025502422458,0.0552408655843552,0.0246218889799754,0.0492114011010053,0.0073142044360628,0.041481834294985,0.0378017975659444,0.000463621396447,0.031302576471606,0.0154838657294404,0.0090729644586188,0.0028239280460629,0.0032037079908194,0.0058594910480294,0.0231378405252952,0.0109132460556604,0.0341810074912619,0.013360185672232,0.0311088046004358,0.0047981323345028,0.0022363802354803,0.0374424322001883,0.0117829531653772,0.0251864157394462,0.0016503113899696,0.0049930168873799,0.0042163819440005,0.0488274544667013,0.0003399200287263,0.0097697287662857,0.0028108095452439,0.0377831310322739,0.0101317572463303,0.113076165454513,0.0016655239840247,0.006318438883473,0.0021396673852763,0.0284786019428595,0.0136561492140395,0.0134181249529599,0.0066770393064324,0.0038348872225029,0.0048343379010986,0.0481082184644138,0.0005082175187004,0.1272325761507454,0.0057135715028714,0.0089130741262189,0.0302440787178327,0.0236955771830565,0.0407684058169561,0.0022529560718648,0.0121777260427939,0.0302630508112778,0.002683903010303,0.0018221827255921
g8,0.0216015868405679,0.0350541781343619,0.0372777912090977,0.0039747478670223,0.0758003717778249,0.0515957401054487,0.0007094853281949,0.0119053432033643,0.0533262542414906,0.0176299206691423,0.0131461404353832,0.0230331666964736,0.0125240729535304,0.0478511760514827,0.1074184210454305,0.0118416724824586,0.0893257892076919,0.0010837825390041,0.0203745717551397,0.0177758948546598,0.0048703766885788,0.0019179755000305,0.0735165858792591,0.0471177387726479,0.0097409470420069,0.019626879461265,0.0296688808928988,0.0022309786730155,0.005518759502977,0.0136596505270052,0.010791695466593,0.0024573161015577,0.0095670347347117,0.0265618925900284,0.0095000499915106,0.1676329485550475,0.0003322051372514,0.0131359229939958,0.0031984943551119,0.0156650412510897,0.0134071348604205,0.0082533682447444,2.4943180251635597e-05,0.006499133062443,0.0212280368481741,0.0115904440674591,0.0130369773263012,0.0023833837032211,0.0087892244603173,0.0574741660376367,0.0006958621839134,0.0036433539539922,0.0025879130641541,0.0038704945944803,0.0050981309066686,0.0431125034259034,0.0579959966103494,0.0158753454482739,0.0279054958970242,0.0333614209884837,0.0003165959256881,0.0081062221242926,0.018317656191999,0.0235230254387433,0.0184160802761787,0.0179293686930751,0.0128923680848303,0.0068301832351279,0.0083628927025534,0.0137129169503527,0.0353315221755489,0.0001294983575576,0.0015184756889585,0.0586771096293358,0.0014279143120435,0.0221306647101249,0.0003262028631324,0.0244063614039906,0.0054277608123192,0.0057408962494562,0.016732562720439,0.0051857201869703,0.0056388532055274,0.0983509987343479,0.0062520583827684,0.0062770999180089,0.0001548642581205,0.0230774345777459,0.022870308094426,0.0441288600518855,0.0333177406276634,0.0014686340465835,0.0065183728357275,0.0270217090285721,0.004752086636655,0.0131214338997217,0.0295240109942749,0.0154595340857892,0.0110733177363684,0.0588743510561787,0.0109754945084997,0.0101503334874638,0.0020242895789529,0.0078121444214221,0.0048477967767163,0.0272289263400909,0.0009131239798317,0.0184305456157831,0.0029655795590171,0.0101370818723059,0.0005196329878039,0.0729339943236308,0.0285201465350361,0.0391038805752231,0.0022311799395584,0.0324395016287894,0.0284216348884768,0.0023692018452707,0.0008371603073577,0.0002572299166044,0.0009807206103845,0.021083739113958,0.0045247687742596,0.0019779514997772,0.0137908782190325,0.0262356348475039,0.0276224754649797,0.009351722563437,0.0325703780208115,0.0098309112753113,0.0013458622623786,0.0315782506330327,0.0510363568573813,0.0140455545169514,0.0398880003658631,0.0010854971898523,0.0027372581811026,0.0057676688893604,0.0399863925184484,0.008770574053705,0.0069025040052544,0.0196068823200158,0.0111390982394846,0.0509721141020598,0.1112486987373339,0.011230290800808,9.293819496828282e-06,0.0044429347366617,0.0441121042186912,0.0137088277884185,0.0075872539485456,3.75267715312334e-05,0.0254266361991905,0.0052710314121268,0.00052781340039,0.0430574243807116,0.0012470583263401,0.0014631530082953,0.011971001004387,0.0031654420365517,0.0227033665899948,0.0473447453105762,0.0071927982749961,0.006493337713546,0.0234474834865354,0.0117668720579022,0.0013426850299487,0.0691488506371836,0.0167194706686183,0.0122794910286332,0.0029943292043678,0.0933893812072644,0.0753323618600948,0.0275649337005758,0.0193543655523221,0.0027093306613386,0.0416764826422992,0.0255534111433103,0.0295265925754791,0.013023400355496,0.0056998512572215,0.0091905061880126,0.0091988275237261,0.0060350380594228,0.0181782622078507,0.0298371480308916,0.0315563581072421,0.0126554364367407,0.0048099115738715,0.0316408988941453,0.0099643261763866,0.0052101435897521,0.0072959452078543,0.0342164402832206,0.0103074645386148,0.0015308261509559,0.0163339187477569,0.1434805807082231,0.0119842735948623,0.0491818462476421,0.0319399476121882,0.0028565074369488,0.0001796417791752,0.023795354673804,0.017865795513138,0.0007720242022985,0.0453886675185351,0.0077383934953473,0.0081929740710415,0.0061644597365079,0.0054247357216533,0.001092259732649,0.0020691080458578,0.000838087009457,2.435203574000168e-05,0.0049738589669485,0.0205523811619432,0.0029620838545516,0.0031073364430067,0.0302445090414858,0.0261798896562922,0.0526794010775773,0.0381230181422523,0.0193518094909864,0.0217374610601583,0.1279078446856654,0.0511874343446841,0.031304487541985,0.0187195887902842,0.0013673203444962,0.0219677552101139,0.0632576903164106,0.0010436766815105,0.0196763309652578,0.0824026329507149,0.0126108380887165,0.0289941302200107,0.0291356822862728,0.0271939632451047,0.0026875658086864,0.0020773534955323,0.0261454468142784,0.0047485859935804,0.0069211971176143,0.0031080733234916,0.0054886187844811,0.002787732754181,0.0205007374380481,0.0039548595819312,0.0084373326177909,0.1515095088334433,0.0343892200462963,0.0020418980354517,0.0054994452651191,0.0127810578913237,0.1272710688078147,0.0063993084394601,0.0002916153305876,0.0289621271473315,0.0334148880010584,0.0716180327857632,0.0057070048796658,0.0240877854928447,0.0069592118452218,0.0277296887198713,0.0239318791216955,0.0016402854071018,0.0466461097368796,0.0341555367077483,0.0228660861332592,0.0327816131506095,0.0033541827387467,0.0324134584683774,0.0051298283742598,0.0443078899051062,0.0040825919027005,0.0114154285678171,0.0013033521408509,0.016112816418731,0.070987140234453,0.0113386126872699,0.0180456808122708,0.0021563327786131,0.0437840295875001,0.0067487612997868,0.0001771849494182,0.0198325031616407,0.0024093114809996,0.0007491828430758,0.021051545089363,0.0050249871315832,0.0250835577230797,0.0554217111150382,0.0318419129757569,0.0048713419016881,0.038307609570476,0.0047495947183039,0.0008763225854101,0.0362101644139549,0.012810880840888,0.0122526506161547,0.0270654598318263,0.0453363077999554,0.0144534333309136,0.2546175068904166,0.0228672221879552,0.0244392947138623,0.0228054650133058,0.0006543967898291,0.0107861957451626,0.0033559272385759,0.0219775654724998,0.0006135969526406,0.0671371450371488,0.0577967808665955,0.0421469017280097,0.0087220331174628,0.0133544505919734,0.0072764998241747,0.0055766708833756,0.0015684426473454,0.0081685345902112,0.0178787658590582,0.0079080243609031,0.0175938036255814,0.085986362926918,0.0005998293144652,0.0721791244015235,0.0006994896715205,0.0049909551420757,0.0377761102194368,0.0320513895879619,0.0016940528427054,0.0048588299737614,0.0065410575953116,0.0007995375043769,0.0075035946387242,0.1182420167139821,0.0382107653629547,0.0058519445570991,0.010435248612358,0.0023064739970805,0.0608710608612093,0.0110324476205007,0.0138863285732409,0.0015646394820579,0.0240435793195746,0.005508072118108,0.0200255696976814,0.0208479196465143,0.0004963078111593,0.001526687121115,0.0186727725210436,0.0886050023340073,0.0059620345905939,0.0192746861782433,0.0178402399436762,0.0813086654001543,0.014934571547928,0.0885393451285141,0.0052334624010166,0.0113047634601917,0.0025879284535212,0.0476582206719387,0.005890428137139,0.0012564289767089,0.0470063294369194,0.0404281477718667,0.0165799148592223,0.0017115185288433,0.0007173363683539,0.0185876959801593,0.0071572942003681,0.0193453096694221,0.0151024723499454,0.0334496564425281,0.0044685717525024,0.0032599827994925,0.0021056448990984,0.0147141017133043,0.0225438107128151,0.0077118766468578,0.1985308636098571,0.0019581453903545,0.0094158763223425,0.0185540342083328,0.0303641871899258,0.0375870459077777,0.0146300810597394,0.0028907958269574,0.0461065632855009,0.0326590754328758,0.0022009771777714,0.0085431154828975,0.0278402664443088,0.0247036730465792,0.0064705606641934,0.0118592175918628,0.0149152616864952,0.0019775714356387,0.0052794333161342,0.0222035044271845,0.0164630140623093,0.0171746140077626,0.0121555427084831,0.0139097783323953,0.0019860455324198,0.0082551009352343,0.0189514164556083,0.0020327159833023,0.0818770846144095,0.03700653182502,0.0117758030919276,0.0023238440401525,0.0008323590264669,0.0044897123466415,0.0069885726248083,0.0104379988611519,0.0943664557013115,0.0658985167773172,0.0224911568833464,7.046827320801585e-05,0.0072004119657131,0.0082973988084632,0.0017226530190001,0.0003561807358369,0.016770396674252,0.0070232196389691,0.0002431747465038,0.0246762246384055,0.0368385312004147,0.0530542771856809,0.0037861232431608,0.0242859641057138,0.0621222405913813,0.0157837122498318,0.0292894370950877,0.0085237814617297,0.0358174739466448,0.0176409189048408,0.013568421083169,0.0494812574143996,0.0785365491832673,0.0069093863670025,0.0045400254710689,0.00447699088663,0.015198790205778,0.0030227816171208,0.0156656535637667,0.0092077041064946,0.0184294736504448,0.0122916932747479,0.0060146237042854,0.019877004287474,0.0016532397881723,0.00772929834269,0.0023740079408803,0.0002980432023238,0.0213102598110531,0.0071898161811893,0.0102059761069735,0.0082262884465876,0.0203140780997864,0.007277112462319,0.0568927536264771,0.0088514314387049,0.0238710941553489,0.0020505602811167,0.0504015308064307,0.0354585777865235,0.0195747717245702,0.0222214910112758,0.0060823334022577,0.0159291795102866,0.0052429179165859,0.0080882658306393,0.0019068001032863,0.0391059408942701,0.0027489041468136,0.0106363154555229,0.0320993483569824,0.0562585864378016,0.0135255316222158,0.0232639727891655,0.0379834747683414,0.0150098460253332,0.021101216520678,0.0131262850042624,0.0825683710875806,0.0038250662524252,0.0119942054675393,0.0438629959127288,0.0243364750749957,0.0809723625834937,0.0099239883060761,0.0500560074695287,0.0282117712749496,0.0079279766662544,0.062223972429772,0.0007027921886283,0.0040420326796597,0.0021792907515533,0.0003883665468642,0.0155703792041424,0.0425685334201392,0.0279721462420478,0.0141489705512857,0.0202106314141073,0.014138644954908,0.0037268763779653,0.0063389478696068,0.0062117644474235,0.001663112453266,0.0182327466403967,0.0109140335804642,0.0058380481576126,0.0045485445782237,0.0177968100354734,0.0132087138903994,0.0009085345685629,0.002227118538844,0.0882291635087481,0.000160535281059,0.0586783134668603,0.0029413302631541,0.0433220462032179,0.0152649772253859,5.453271865782199e-05,0.0003967662445101,0.0062849040389202,0.0133719544913517,0.0379544731623691,0.0109119098109828,0.0385596336399738,0.0051010475779447,0.0017256135447832,0.0521521511523921,0.0152099218395178,0.0269963030672535,0.0009063343765765,0.0017930311264528,0.0086504264961558,0.016515620192998,0.000600570827639,0.2597187291022641,0.0053630701031526,0.0031537165349488,0.0031967799226851,0.1085820000975318,0.0036347735476033,0.0007076182716026,0.0185399675843554,0.0231467044318322,0.0068718573373578,0.0227227071246955,0.0903913432386884,0.00267598719797,0.0538588883391494,0.0014345883689913,0.0227659834280978,0.0100624823011947,0.0241992625924515,0.0023002268458979,0.0032460647303686,0.0013392661905514,0.0376002685501809,0.0125973874439291,0.0354745263088535,0.0233873452003739,0.0029230198322698,0.0176599921167993,0.0012018261726688,0.0102272476904304,0.0052235439581033,0.0221438607612536,0.0168328223828667,0.0005289509530282,0.0008493270196782,0.00092525732867,0.0326452992702076,0.0731826066469454,0.0144279547384225,0.0331006023212235,0.0940305678777377,0.0129377426536236,0.0150083151510971,0.0325615463592155,0.0007475026912126,0.0176998959047262,0.0033592501508827,0.0172693332552897,0.000611311263865,0.0162220327823605,0.0081822859494886,0.0220674436620481,0.0052164793303177,0.0003621395954026,0.0313359455914047,0.0013595664822806,0.0076090595286954,0.0079042749383992,0.0039906036749216,0.0096174316278942,0.050322753272214,0.0117198337084948,0.1311163280470235,0.011216210391885,0.0177176076551562,0.0006654736612747,0.0034844532322012,0.0018403044570109,0.0143070153776362,0.086642587463219,0.027301730936143,0.0077536061395724,0.0015228483288361,0.0107849489893758,0.0424208644544727,0.0096857932219328,0.0016246957220938,0.0453722121561044,0.0653121144662383,0.0069041108885539,3.996214203636994e-05,0.0036541481708956,0.0033603936290181,0.0002024959946736,0.0063126630382098,0.001852952662476,0.0004745571966328,0.0032540191664163,0.0086153338925967,0.0017746239135806,0.0404183003903344,0.0230596776213507,0.0642352032291671,0.0409227423402201,0.0778015415866369,0.0153478045768781,0.0495961799544938,0.0623612620769291,0.0258889880216476,0.2476964850176837,0.0266089701722116,0.0036652439494113,0.0006128799462038,0.0014494429499444,0.0019437065938903,0.0054748353163913,0.0507390328365718,0.0796474907001515,0.0187595380095152,0.0239901779889789,0.0694406921919535,0.0051627264425814,0.0153132809348659,0.0238776735797989,0.0246999151631667,0.057693147781113,0.0285038177371677,0.0064283102026186,0.0488678487793772,0.0195756788081862,0.0103877635121824,0.010173433297677,0.0025784817728001,0.0453733804549816,0.0469302527209549,0.0150994336916994,0.0792398154987007,0.0359471878004096,0.0001971051514874,0.0236781582677161,0.0258001967842079,0.0909166204062111,0.0184458641862979,0.0097571015054757,0.0164835708063928,0.0029359405896844,0.0020251903376757,0.0692726235993502,0.0091376562667388,0.0023296999614395,0.0101644400449809,0.043883166017253,0.0118958354072657,0.0007333702974963,0.0019602996370015,0.0257443403229249,0.010836851105874,0.018409852541818,1.5821374166107016e-05,3.840141272621949e-05,0.0011482396131808,0.0035703569838517,0.0058900004530473,0.0092702242074252,0.0651963283742638,0.0351245864283576,0.0046376969805504,0.0069404091818646,0.0567246634653892,0.0750908963240957,0.0019902381976939,0.0010006875426519,0.0478830860136996,0.0134641262772863,0.069177464451988,0.0310539851972919,0.0244129629215518,0.0075336398073766,0.0066691306097348,0.0759076782820692,0.0045385733578516,0.0090804560671302,0.0229691585720097,0.0203328858242043,0.0002684170196826,0.0018343768078898,0.0068066239940008,0.0151505213094489,0.0394168887618174,0.0040207207633828,4.833262370434804e-05,0.0193793265794187,0.0001421532421654,0.0032715422256358,0.0043198987547615,0.0024100750418724,0.0056695396143392,0.0072289747610214,0.000528775928766,0.0541203575640544,6.709862330320153e-05,0.0433129101110484,0.0112705012794672,0.0006391979773169,0.0023320104219463,0.0329328966653568,0.003430518266045,0.0337248439849067,0.0300142199070035,0.0176096938966495,0.0196628688274113,0.0255303696350207,0.0267781439035103,0.0253507415410988,0.0021616770336553,0.0086001731468946,0.0002867856672755,0.0066479844364166,0.0177145922013652,0.0043944553030621,0.0094398321906336,0.0059221104419887,0.0420949290156397,0.0219663846755713,0.0366688100525183,0.0270356345462007,0.011529441253194,0.02742922726619,0.0018636935622697,0.1013264330639722,0.00081799833829,0.0180977262653803,0.0037438671327809,0.0265895896736357,0.0038866591916437,0.0077134345247781,0.0319691076173065,0.0152344175661057,0.0210305409068481,0.0457616400025564,0.0029625726261921,0.006489686103277,0.020177113271309,0.0085154260392829,0.0066044576924885,0.0021343815914886,0.0074322522076446,0.0083152844370723,0.139968826958623,0.0193644240291801,0.00131790199965,0.0097786823191373,0.0467810647474722,0.0096911804403155,0.0003444669541006,0.0313093347704407,0.0007066023159008,0.0066368688225416,0.1262944443380777,0.0133194649112597,0.0003102909321855,0.0009250946648419,0.0044059997553922,0.0001345146975551,0.0051108910123042,0.0231905592741505,0.0316243214838153,0.0197991829051487,0.0053549291691949,0.0105076820294522,0.027095008046564,0.0090490674379655,0.0140316345341884,0.0041061517918321,0.0054494988518671,0.0369154431023607,0.0052038468167201,0.0116303233182102,0.0225753299547417,0.0230499637294712,0.0332707629121761,0.021311187582282,0.0178908681745533,0.0058842359164524,0.0119476939800011,0.0118391348615878,0.0193336996472348,0.003175879169146,0.0020914623232757,0.006126739404816,0.0071750821631954,0.0102232724633039,0.0109340257709248,0.0007068553920017,0.0010551191629648,0.0257293520617386,0.0084491058781541,0.060435808517355,0.0230504071091662,0.0038663071889096,0.0089344870522704,0.00919128397555,0.0086100025971574,0.0147538437353259,0.0031132182261698,0.0038386997301438,0.0020628973732276,0.0418326763164453,0.0466299385639228,0.0231906088691544,0.0001789104089165,0.0066627883933977,0.1497234519017795,0.0704353296747381,0.0078023295445024,0.0156770205671865,0.0012967999221098,0.0210741529439257,0.0075830437262801,0.0243969839587498,0.004790381491003,0.0986905183370696,0.0114016255694958,0.0014591848470377,8.201108819028656e-06,0.028096644801199,0.0001603192388591,0.0053015996290608,5.604496365078536e-05,0.0258514881703266,0.0300271438561454,0.006090480898342,0.083729979687945,0.0274070633929067,0.007633548862271,0.0261600263259901,0.041903081159293,0.0509365082590596,0.0067317177871338,0.0029609738087623,0.020236285003194,0.0020999174990881,0.0008271328694952,0.0063380459710304,0.0006341682719034,0.0284072856196186,0.0028212525619378,0.0150715191447216,0.0024586777550081,0.0553659165904597,0.0426107030253594,0.0106419069977423,0.0003951511854572,0.0450058130858218,0.0143921450616119,0.0152851093042295,0.0047710644607453,0.0041984754150079,0.0696272636339104,0.0113053645792057,0.0221474554971691,0.050882063955179,0.0024890564354672,0.0013211150461077,0.0232295861716363,0.0082800001270157,0.0133318157228777,0.0011266632535255,0.0076427551640082,0.0085944388228716,0.0256961281624079,0.0128369771142001,0.0145968056031556,0.0208817341886913,0.0067123691835112,0.0606012189335871,0.0026368288739458,0.0080997299072637,0.0196950343232547,0.0202970296966512,0.0174814055325868,0.01529706507848,0.0116919052023815,0.0296273481782262,0.0143088230886052,0.0156819128139039,0.0032858200435466,0.0111296943535239,0.014048693593378,0.0528016128726229,0.0028271014523929,0.0077734378408723,0.080805725922506,0.0023759890098456,0.0007909545164095,0.0083838018805855,0.0172904098051277,0.0096126202666111,0.007308328323356,0.0065567587372491,0.0026675371910204,0.0507802023114147,0.0070358437570308,0.0021223087572481,0.0045308592511072,0.0166560386110841,0.0110362366909329,0.0015818985573815,0.000215272155334,0.0009144609439367,0.0020601204411096,0.0108085936409548,0.128860500308534,0.0083683502420028,0.0059177984038005,0.0278037914275486,0.008874572603635,0.0196759340884344,0.0321515955547214,0.0164681023740336,0.1070926851576234,0.0075744143684346,0.0065838489796999,0.0682799121987206,0.0162230195813018,6.337549304532403e-05,0.0028910101394977,0.0326093254606002,0.060752385870721,0.0602217518456237,0.0124554720221542,0.0247021972358633,0.0017152399360096,0.0104846090490001,0.0291811238552943,0.0263160072115576,0.0248467458536623,0.0420198292459742,0.0441892355775286,0.0067863075172186,0.0085775336047682,0.0177773670632572,0.0009067318914823,0.0345863870924616,0.0092650685819185,0.0543296484395714,0.000143126681879,0.0276687634306975,0.018625498130107,0.0195964504231038,0.0095706875079699,0.0003385698856632,0.0108482210919039,0.0112648967640608,0.0283775906570617,0.0119750325804751,0.0047961859764613,0.0560440332113731,0.0247897609354522,0.0223056519752532,0.0256961108181183,0.0047524280735254,0.0282099460419725,0.0236731342820062,0.0380530079375806,0.0075266807641306,0.0124749341634648
g9,0.0163721357387257,0.0027264310092962,0.0269611982602457,0.020741023026407,0.0125132315743357,0.017451715205865,0.0004075167362323,0.0197077075065621,0.011088841593952,0.0058852554594339,0.0017866602287887,0.0379630871358,0.0101847382822522,0.0010205326635387,0.0243343376326625,0.0087069975102801,0.0028000214803993,0.0215605165281081,0.0202265525508689,0.0039462682167149,0.0060693590685467,0.0791558889779463,0.0001534974841183,0.0080706803607229,0.0054328136031531,0.0255648007426039,0.0079475076531011,0.1015048012413467,0.010006194557988,0.0545657608722919,0.0136562394022721,0.0066326585431429,0.0638489773936615,0.0163009973680202,0.0377487103051786,0.0447770792212806,0.0025208665961136,0.022039056020081,0.014965183338211,0.0048817067318667,0.0405063994119351,0.0320605436745792,0.0086832671372045,0.0012970338608843,0.0108710309196292,0.0032393336414873,0.1213618254338742,0.0213668966573147,0.0082012881936462,0.0032371064907377,0.0540729040386216,0.0015261982604716,0.0427265737760956,0.0157590284144711,0.0035962383866454,0.0199993820605783,0.038231761356295,0.0049806982789875,0.0017951592827806,0.018682701488979,0.0075599437323001,0.0025214207156914,0.0011361983417757,0.0200670772647432,0.0055661758257004,0.000799020360484,0.0126921191194933,0.035757973995647,0.0011626845478665,0.0027737685923327,0.0970762929105906,0.0624529245243697,0.0003059855630621,0.0692990000584821,0.0251066506372589,0.0754708519238929,0.2308579500535117,0.0137155095507375,0.0513303046357705,0.0520290603196823,0.0178775440931088,0.0431462035767165,0.0105664941012462,0.0030793171811549,0.002950700668142,0.0025857427589588,0.0120693022557752,0.0211904573802172,0.0109567074764628,0.0326281732969014,0.0030461992170738,0.0216757846122591,0.0009998811482913,0.0023842200515256,0.0197668089595477,0.0012950713277553,0.0298596078205667,0.0016027497668916,0.0153081187586213,0.0018031746661938,0.0138416008082635,0.0192369572625956,0.0162501163598835,0.0079428910703427,0.0535941584485331,0.1856172093923581,0.0303005305362458,0.0363493531697836,0.0122049791742441,0.055967043495962,0.0239548664097325,0.0020777691402527,0.0157691302078988,0.0011185962923366,0.0237158474150395,0.0304762253536934,0.0248435717682322,0.1575916777598408,0.0009960769560613,0.0214100424408839,0.0513358692416705,0.0474247600260704,0.0053077680311812,0.0011336678522344,0.0227093627722854,0.005787099609936,0.0030944984396114,0.0157379473535169,0.058661141088593,0.0135557879624967,0.0496304765632617,0.0008756448431127,0.0068538940509626,0.0144725981873184,0.0227785650407328,0.0148206778042389,0.056752036790261,0.0067112031255512,0.0029582648796654,0.0326225900060373,0.0037112347094502,0.0123761471097494,0.0013235169597834,0.0039458623483321,0.0093011491193998,0.0078108597080603,0.0045584201903246,6.155934371266129e-05,0.035206450533649,0.0453289336445148,0.0012350340603905,0.1034334392133123,0.0010318443327791,0.0054370658782278,0.0015362200314009,0.0146259801309785,0.0062631969177216,0.0003932549749838,8.02171424626949e-05,0.1255124300403855,0.0092786675337997,0.0066444314007398,0.0007870365324412,0.0167137223926251,0.000421426221498,0.0132984635984819,0.008131225930819,0.0082825276729362,0.0214366723723087,0.0027009149677076,0.0219529008078491,0.0217937484172307,0.000338417762178,0.0017041736774343,0.0172290489174388,0.0039577903513293,0.0033286991795458,0.0106718993400512,0.001092857478167,0.0010211799740389,0.0025848930916564,0.0164955239234938,0.0180472008218065,0.0680143698783232,0.0026741401087889,0.0250844603784102,0.0334917310395632,0.0416479390520726,0.0079386033257975,0.0097969094973312,0.0006693296702483,0.1238049406524115,0.0064987200960884,0.0017024130389132,0.0094356746307093,0.0044165696837838,0.0043508270647415,0.00047326303146,0.0305357460801867,0.0746151060586056,0.000123040039803,0.0064161028433285,0.0222776325020826,0.0563601240640222,0.0062405856675434,0.0377858855556949,0.068910114733071,0.0618117302436546,0.0053328108659352,0.0276106712425116,0.0150091338867842,0.0038198222155593,0.0014840810263249,0.0148996208686453,0.0031068255537052,0.0363643350494861,0.0079989316959428,0.0409737870737989,0.0219614194804486,0.0097232961874181,0.0272660869064954,0.040693546193774,0.0002448736675625,0.0513912764979957,0.0457741363568308,0.0896567930807033,0.026856591838892,0.0033293681388163,0.016437694735049,0.0932093761344255,0.1384604202931827,0.0044648992331804,0.0585241197845444,0.0022598211565311,0.18401932423118,0.0112889660881686,0.0284303269629148,0.0440533753471402,0.0118883887402757,0.0025707190335809,0.0135780022047788,0.0108149190690616,0.0023401091970349,0.0163264311419088,0.0517970232689177,0.0545731140727039,0.0004578373601403,0.0076205549374617,0.0021428637634814,0.0137249149853061,3.898913105297892e-05,0.0132106471477654,0.0161591001914728,0.0183837461219949,0.0590444587874127,0.0709518397021476,0.0210973791547498,0.0520179713053295,0.0028867573868798,0.0024077903422901,0.0252119371109028,0.0033561806268595,0.0010491144925321,0.000697839358044,0.0030213472906392,0.0094394918866983,0.0196259717154169,0.0014816073030581,0.0124367530568075,0.052285905248529,0.0103473643140071,0.066509136433403,0.009099034625865,0.0672885939951278,0.0012560975446336,0.015965976550323,0.0052810701939699,0.0011477244279449,0.0091935409934394,0.0027168018257565,0.0031588422075033,0.0020446240893692,0.0373447505335254,0.0073900055326466,0.0125293132010378,0.0007325242500131,0.0410508512429321,0.0139575688343463,0.0187466464703931,0.0747620942100512,0.007947345018659,0.0428118962148923,0.0001391124208442,0.0098176496601294,0.0176670837966092,0.0243003932490434,0.0027064937976821,0.0103002366196761,0.0029548220485805,0.0195385914346697,0.0008100948857514,0.0683338456054607,0.0055261346082605,0.0011269998848012,0.0633886448879902,0.0003744291671948,0.012038155680018,0.0038478079821252,0.0088401811144571,0.0047906684760272,0.0376464584859676,0.0159868514462276,0.0200531546136409,0.0156027412146843,0.0030755910133218,0.0090696579642486,0.0058130407027128,0.0130697793097506,0.0283654985950145,0.0285647077824294,0.067129816282462,0.0088125793710964,0.0040840836262794,0.0071410175740216,0.0408836836242857,0.0096794784219983,0.0245085321152531,0.0219293495748075,0.006471293234795,0.0036334954699068,0.0266626257212314,1.7382960039837372e-05,0.0019169153066081,0.0115847556530942,0.0690407500265549,0.0502558256422725,0.0001151244407783,0.0168121214448131,0.0123135264511017,0.0008307243863636,0.0090237308453278,0.0059260612580664,0.007746185952998,0.0067555869949595,0.0018423678936233,0.0090049438411704,0.0016948325522396,0.0056097684607506,0.009809139347187,0.0159112414423166,0.0243327930107759,0.0034878439565901,0.0311761904030873,0.0161250176884708,0.0025150842474946,0.0122282986206786,0.0033131286499662,0.0074084760148939,0.0024944141874747,0.0935028981150164,0.0213397145001407,0.0097848494017151,0.1200325125876927,0.0060263992249127,0.0074019130988732,0.0636612746845633,0.0052674754856064,0.0259197647531056,0.0413228841845334,0.0261948771324673,0.016786135952532,0.0382327030872534,0.0143886246944232,0.0046815574310558,0.0148103209778275,0.0254900123272876,0.0392927525641619,0.0236593022474945,0.011304504819787,0.0490916658830148,0.0074027432328987,0.063337692406088,0.0159896659200853,0.0521227653475042,0.0165099757654363,0.0080976235213151,0.0059424183114753,0.0005702323549232,0.0088607766213847,0.0491473709378174,0.0053650938155623,0.0082101380195583,0.0359611362823301,0.0285864095873163,0.0132898178733557,0.0130450941770981,0.0012451081656487,0.0682843236321677,0.0060187856387014,0.0348509661588175,0.0011248521425536,0.0085034641410527,0.0164020042593597,0.0020298503825826,0.0054391857320428,0.008178570790288,0.0177624746580889,0.0065809675175001,0.0007116167588742,0.0157102802900725,0.0132222084778918,0.0238681060164916,0.0124260676026058,0.0026535737998895,0.0127063643140746,0.0445507691145172,0.0082055762423182,0.0033705875424569,0.0069540910540526,0.0128494903947232,0.0025064216284875,0.0253991919305075,0.0242350566506851,0.0003796309666473,0.0022747865308816,0.0168286091282866,0.0025334618605336,0.0004046355596791,0.065834650105901,0.015383375225193,0.0230012242472844,0.0140489094457223,0.0120484697358834,0.0029119079808529,0.0161804015619839,0.0016426546008467,0.0186395736555931,0.0412796637385777,0.0093788094737031,0.0008016692722698,0.0032230475880994,0.0457511407672595,0.0262147722859731,0.0009952796667486,0.0019006295130303,0.0077395413413503,0.0737933214706574,0.0184345707289066,0.0177967990951855,0.0139760735757166,0.005338352011814,0.0001061075973228,0.0183034167353139,0.0431642170497591,0.0426144139826851,0.0003034079461132,0.0021742916494328,0.011753459819015,0.0107646337098103,0.1075106738450213,0.044825170279827,0.0041248788646076,0.0262833118337613,0.0168587679220046,0.0296741700521894,0.109247028357783,0.0101650541322824,0.0035245991612964,0.0327656733961405,0.0058909067476781,0.00172857836166,0.0834064023009462,0.0102861680911292,0.0076849752075846,0.0289784566113403,0.0031279910538444,0.0063838361830483,0.0206884043283408,0.0034807743748394,0.0194652682566889,0.0053949662003623,0.0044274332707773,0.0013217736224387,0.1221267356160295,0.0570349723105988,0.0008494684760258,0.0035216755748033,0.0004233846326599,0.0094712967387182,0.0008043945334241,0.0116723177860864,0.0095762724065392,0.0409394295393846,0.0058466965406003,0.0101790468512858,0.004223027701098,0.0239631862186914,0.0028908368074226,0.0056237606657995,0.0223417834361185,0.067424022381994,0.0176762091749242,0.0054666590227242,0.0303993126903237,0.0009033482551095,0.0029455041068713,0.0079522404378211,0.0141388892688996,0.0259761533427924,0.0996202237350266,0.0132802871424875,0.0030907070466486,0.0122426171588738,0.006973058914149,0.0190024937924892,0.0264119030951472,0.0063589345801337,0.0475060282080364,0.004223382781441,0.0058108544523678,0.0178983483100009,0.0113602289004274,0.0105998667799293,0.1519583141773954,0.0073900343212671,0.0078422609549362,0.0078645355100674,0.0181676588878075,0.0003930929477586,0.0140480343179427,0.0104360649909822,0.0467367860295092,0.0001373103651099,0.0036612060533335,0.0830703618593444,0.0392358868885148,0.0032966336339494,0.0084512161749558,0.00645488435273,0.0063224906366813,0.0117428373857792,0.0405203388540116,0.0107459126202725,0.0053614252486058,0.0216065287139607,0.0142785402706946,0.012156181055429,0.0409729857336327,0.0113624849539092,0.0052787232469556,7.348430894629342e-05,0.0351257380466058,0.1628525302050237,0.0621294548733254,8.397124773942464e-05,0.031762208197898,0.0094650195575111,0.0169155051276391,0.0059953509924588,0.0125090379137353,0.0559665310384644,0.0054954341298964,0.0127303115640119,0.0032445358061218,0.0009396110765455,0.0061047420921776,0.0019214343236865,0.0710514015742117,0.0839031132219309,0.0025448771596827,0.021493441584297,0.0153725156903792,0.0141246077090596,0.02712880761905,0.0063142451509573,0.0012879416435689,0.0419713713175084,0.0168517369901138,0.0021864400806182,0.0003683253137066,0.0672944123701823,0.0237525262678257,0.0426985952684275,0.0117338967683679,0.0047073491663651,0.0001904913715197,0.0539304461155661,0.0019554698335404,0.0056875793912296,0.0887152284712146,0.0633238430400053,0.0088701322153811,0.0255604099252614,0.0662467972554979,0.0068994551623061,0.0049600860276723,0.0426998776456378,0.0153236777998569,0.0051907470682885,0.0010997229418895,0.01,0.0169208533103818,0.0043285081024763,0.0423747863018481,0.0164583702869062,0.0246846289645371,0.0119855689314379,0.0043254450367125,0.0130680538515126,0.0075099150474479,0.0115007862183115,0.0230991259451064,0.0068389393357731,0.0263440072971766,0.0249979873569128,0.0018367211749177,0.0036946851490311,0.0076489450538485,0.0021344893052148,0.0041242713702599,0.0040594034244135,0.001913334089095,0.1307271983990449,0.0598643444106842,0.1219307420512559,0.0039419278485864,0.0346357322928229,0.0114271624659887,0.0036683907481594,0.0415711708144163,0.0007710633711017,0.0021873509237867,0.0478576682708243,0.0650147769990809,0.2498913344683875,0.0016410155644965,0.0384462445286914,0.0223845126536558,0.0057326586750657,1.344498051276082e-05,0.0113575828993902,0.0058096410160166,0.008669945035535,0.0475247045458575,0.0169613689660795,0.0518205867146344,0.025998116737216,0.0435223200326184,0.006305566092913,0.027420481147289,0.0099742253766081,0.0780798832975559,0.0032033333946304,0.0005254339186114,0.0550648953144166,0.0529673007448515,0.0270836847058444,0.0025411759153784,0.0417294237315256,0.0039565968474966,0.0135531137611799,0.0031908113885871,0.011272659887485,0.0004235219386395,0.0228019653496215,0.0014639040254235,0.0381107199114711,0.0038710647194883,0.013509858538103,0.0010920991362257,0.0161678811609762,0.0008682999553006,0.0248559653400812,0.0096606813714448,0.0158160419080467,0.0004560893679486,0.0241003436260548,0.0456558026122161,0.0073884344911949,0.0079017896735476,0.0014771462874688,0.0004669560716274,0.0904587837254535,0.0034122804686163,0.0005350105370797,0.0188927137692261,0.021421841984128,0.0007959097479912,0.1080378043498454,0.0016344138224034,0.0773366762231976,0.0101674396978217,0.0219543953808428,0.0006635398975474,0.0091564242856926,0.0011854752873021,0.009037778099368,0.0162085436178469,0.0067212959486665,0.0011705672594023,0.0156398126758251,0.0762545870484275,0.0234284410681287,0.0071849123418191,0.0066819398713924,0.0050291458340455,0.0187241026814873,0.0222808961771747,0.003125028802383,0.0048591333323335,0.0312492814992207,0.0180531476464825,0.0342574089685935,0.0189339316032769,0.0001792684800849,0.0190892673764871,0.0419375234438333,0.0068973439689308,0.0001884554718344,0.0110488509139726,0.0619710672928488,0.0165624374561391,0.07488830159489,0.0034810523152594,0.0345175153183483,0.0085777226462798,0.0717777496215439,0.0001063109864281,0.01,0.0184639317120083,0.010085766718957,0.0148022607433221,0.0149994782592516,0.0006894168891334,0.0007170465981707,0.0006121501720465,0.001510464365582,0.0023209863802194,0.0056762215850643,0.0269853101088822,0.0503788657183814,0.006518195988819,0.000555110697826,0.0005333514776579,0.0755212872696533,0.022975642877549,0.0401854384547109,0.0203764801684254,0.0133413653688863,0.0138667255040894,0.0005477380085106,0.0034799834955938,0.0016101859657633,0.0034796757429569,0.0110233616290514,0.0132260769805044,0.0232597164844464,0.0651755687315595,0.0071619807242952,0.0281978404518341,0.0175799731293207,0.0071500555710046,0.0048559281643163,0.0363592504031948,0.0054695048026209,0.0049573215935187,0.0177306430610956,0.0180546990261358,0.0007911666143262,0.0005065949549834,0.0003714523725349,0.0126129507194663,0.0084056092405481,0.0008562628998419,0.0028128238969266,0.0033707178591999,0.0033091260973331,0.0108504823658158,0.0149286690573722,0.0053654624796379,0.0995070364813933,0.00957863387751,0.003442938989874,0.0340523961894152,0.005316932397838,0.0413570264603834,0.0017866268839794,0.00132441135207,0.0259257404077605,0.0056366385823207,0.0029667173561214,0.0271518436081776,0.0012300728908435,0.0043303292826636,0.0008493043948062,0.0008730675031445,0.0048696591205315,0.057842720553353,0.0040350761818896,0.0129444364047659,0.0002440628395901,0.0238513512022973,0.0139781816602275,0.0155604805919161,0.0061644686443801,0.0348245699997828,0.009617733734763,0.0422309888313136,0.0838190742505021,0.0183875162499337,0.009850484237719,0.0161034512832112,0.0930089771865272,0.0209817121641215,0.1310951456434723,0.0519495413044758,0.0068491074621094,0.0070436040756074,0.0001511021133429,0.0079765363384646,0.002560834269414,0.003052756348362,0.0051106934292339,0.0206952766952838,0.0792834082261172,0.002823917447421,0.0033862919522501,0.0088872552232403,0.0022764319070549,0.0349814036318508,0.0318372385498478,0.0202701524934911,0.0167438351764918,0.0455133476545181,0.084379015065421,0.0447299379702085,0.0032581993216981,0.0171626963821414,0.0139673146667694,0.0568178760508829,0.043760819061124,0.0003700586155147,0.0234540616014942,0.0043946109849189,0.0634757936225181,0.0142426248125447,0.0036529183806889,0.1370383436759437,0.0303267698471311,0.0053554605210963,0.0063749341685594,0.0014094329068648,0.0054958130726724,0.0026922212868325,0.0105716752063154,0.0123863738586676,0.0113636906309343,0.1460062854037542,0.010704326304993,0.0046138455509113,0.0001656757730682,0.0215013834253212,0.0125092609508143,0.0287694449217229,0.0020725749194625,0.0146069829296601,0.0124673096170744,0.0064403091661878,0.0195280142837782,0.0515589491153484,0.0739611248343133,0.0080415624841221,0.0107180503142927,0.0028323424311396,0.0109649989417216,0.0034386355296969,0.0547532966967541,0.0138603395417211,0.0028062292166772,0.1268172301353639,0.0279462281280881,0.0451591293587912,0.0023280536409066,0.0073068310994141,0.0103561829642036,0.0025654192825881,0.032487776449013,0.0066769373090264,0.0032813705403304,0.0049257933106179,0.0071175639365188,0.0085445732335603,0.022384142821225,0.0157256028992633,0.0042689500204549,0.0181830667194109,0.0154444004381728,0.000131227436308,0.0496779908643584,0.0131096972735962,0.002283372959185,0.0311092125516987,0.0476479317082091,0.040557363771374,0.0129217313742205,0.003183996352132,0.0007531939526347,0.00447980107803,0.0094994043032298,0.0051813746172436,0.0006337837246237,0.0154485407358622,0.0047796367745626,0.0150858726643018,0.0372530539505316,0.0283202442589016,0.0021159547865855,0.0218195383872703,0.010508308539319,0.0054091804664207,0.0080482430805637,0.063916584234527,0.006529227474831,0.0476475088914815,0.0255005385085168,0.0060307083684455,0.0180811346875717,0.0128180383519885,0.08012697285635,0.0197781316939052,0.0236499270033645,0.0210888466254574,0.0174307725452437,0.0553811249313264,0.0632467203960078,0.0021973197129725,0.0240475857459482,0.0637274505811206,0.0015394564129666,0.0229876758592036,0.0076950074502991,0.0009589039696734,0.011810383196287,0.0122958942324533,0.0206262307376567,0.0035314774809792,6.760652928508164e-05,0.0308782286767992,0.0082631973796284,0.0001101820977956,0.004846283074263,0.0145109445135952,0.0686071095445216,0.0907278718811724,0.0003237298107047,0.0005060565739698,0.003156404012706,0.0032247958506662,0.0189430981599939,0.0233131504270071,0.0563711979267008,0.0010807077088991,0.0012473686479026,0.0115796463632633,0.0149252851642086,0.001723348502027,0.0117298603623679,0.0438350718735397,0.0001404229438146,0.0583450087763893,0.0216150695446887,0.0019750544351896,0.0088106664573163,0.0025883892674748,0.0101925981955028,0.1028541318558123,0.0021907301686563,0.000233817763181,0.0071469418391656,0.0001396558894821,0.0052413104400322,0.0096431030625038,0.0506659794584121,0.0004948406266498,0.0161335290603015,0.0192759638795312,0.0289492026430281,0.035336948374005,0.0007521590436932,0.0013978564586978,0.0459812397696124,0.0066234491031497,0.0032708270770773,0.0041090261214221,0.0032529701548886,0.0053779332885923,0.0041390404612228,0.0090638210262478,0.0745453390439541,0.0042845981045593
